    0.3637    0.2163    1.3334    2.0000    2.0000
    0.4419    0.2540    0.6557    2.0000    3.0000
    0.5439    0.3046    0.4219    2.0000    4.0000
    0.6512    0.3581    0.7708    2.0000    5.0000
    0.8576    0.5489    2.0687    2.0000    6.0000
    0.8952    0.7875    2.4112    2.0000    7.0000
    1.1593    0.8513    2.7142    2.0000    8.0000
    1.4843    1.0826    3.1989    2.0000    9.0000
    1.7724    1.2837    3.5910    2.0000   10.0000
    1.8302    1.2956    3.6331    2.0000   11.0000
    1.9388    1.3181    3.6942    2.0000   12.0000
    2.2633    1.5927    3.9587    2.0000   13.0000
    2.3408    1.7596    4.0529    2.0000   14.0000
    2.4485    1.8677    4.0883    2.0000   15.0000
    2.5893    1.9669    4.0839    2.0000   16.0000
    2.7319    2.2972    4.0252    2.0000   17.0000
    2.8462    2.3810    3.9541    2.0000   18.0000
    0.4636    0.3128    1.3920    2.0000   19.0000
    1.2042    0.9862    1.7463    2.0000   20.0000
    1.3580    1.1807    1.8089    2.0000   21.0000
    1.5877    1.5230    1.8556    2.0000   22.0000
    0.6595    0.4052    0.7699    2.0000   23.0000
    1.0360    0.7123    0.9272    2.0000   24.0000
    1.3782    0.9877    1.0066    2.0000   25.0000
    0.9293    0.5835    2.1396    2.0000   26.0000
    1.0274    0.6309    2.2195    2.0000   27.0000
    1.3340    0.9273    2.5161    2.0000   28.0000
    1.5372    1.1196    2.6717    2.0000   29.0000
    1.6729    1.1779    2.7130    2.0000   30.0000
    1.8975    1.4401    2.7502    2.0000   31.0000
    1.9594    1.5350    2.7415    2.0000   32.0000
    2.0138    1.6780    2.7034    2.0000   33.0000
    0.5574    0.3127    0.8250    3.0000    2.0000
    1.1700    0.6229    0.9073    3.0000    3.0000
    1.2606    0.6680    1.1924    3.0000    4.0000
    1.3562    0.7156    1.6612    3.0000    5.0000
    1.5390    0.8899    2.9257    3.0000    6.0000
    1.5685    1.1133    3.2619    3.0000    7.0000
    1.8073    1.1683    3.5632    3.0000    8.0000
    2.0998    1.3808    4.0458    3.0000    9.0000
    2.3602    1.5662    4.4380    3.0000   10.0000
    2.4129    1.5764    4.4807    3.0000   11.0000
    2.5120    1.5956    4.5435    3.0000   12.0000
    2.8062    1.8514    4.8137    3.0000   13.0000
    2.8758    2.0099    4.9099    3.0000   14.0000
    2.9737    2.1117    4.9485    3.0000   15.0000
    3.1022    2.2042    4.9489    3.0000   16.0000
    3.2308    2.5201    4.8979    3.0000   17.0000
    3.3354    2.5989    4.8314    3.0000   18.0000
    0.6574    0.4093    0.8819    3.0000   19.0000
    1.3986    1.0830    1.2230    3.0000   20.0000
    1.5525    1.2776    1.2826    3.0000   21.0000
    1.7823    1.6201    1.3244    3.0000   22.0000
    1.3620    0.7588    0.9873    3.0000   23.0000
    1.6956    1.0380    1.0838    3.0000   24.0000
    2.0014    1.2904    1.1131    3.0000   25.0000
    1.6033    0.9209    2.9964    3.0000   26.0000
    1.6915    0.9634    3.0766    3.0000   27.0000
    1.9656    1.2370    3.3748    3.0000   28.0000
    2.1484    1.4154    3.5328    3.0000   29.0000
    2.2717    1.4683    3.5765    3.0000   30.0000
    2.4741    1.7139    3.6201    3.0000   31.0000
    2.5298    1.8034    3.6138    3.0000   32.0000
    2.5780    1.9394    3.5788    3.0000   33.0000
    0.7288    0.3988    1.0612    4.0000    2.0000
    1.3262    0.7014    1.4002    4.0000    3.0000
    1.7436    0.9130    1.6638    4.0000    4.0000
    1.8327    0.9574    2.1579    4.0000    5.0000
    2.0022    1.1221    3.4019    4.0000    6.0000
    2.0273    1.3364    3.7341    4.0000    7.0000
    2.2518    1.3867    4.0347    4.0000    8.0000
    2.5259    1.5883    4.5163    4.0000    9.0000
    2.7705    1.7647    4.9088    4.0000   10.0000
    2.8203    1.7739    4.9520    4.0000   11.0000
    2.9140    1.7914    5.0158    4.0000   12.0000
    3.1909    2.0362    5.2902    4.0000   13.0000
    3.2557    2.1895    5.3878    4.0000   14.0000
    3.3480    2.2874    5.4287    4.0000   15.0000
    3.4694    2.3760    5.4324    4.0000   16.0000
    3.5896    2.6830    5.3871    4.0000   17.0000
    3.6887    2.7588    5.3240    4.0000   18.0000
    0.8289    0.4954    1.1171    4.0000   19.0000
    1.5706    1.1694    1.4510    4.0000   20.0000
    1.7245    1.3640    1.5088    4.0000   21.0000
    1.9545    1.7067    1.5480    4.0000   22.0000
    1.5189    0.8376    1.4789    4.0000   23.0000
    1.8537    1.1175    1.5734    4.0000   24.0000
    2.1605    1.3706    1.5991    4.0000   25.0000
    2.0624    1.1511    3.4725    4.0000   26.0000
    2.1451    1.1910    3.5530    4.0000   27.0000
    2.4009    1.4513    3.8526    4.0000   28.0000
    2.5719    1.6216    4.0124    4.0000   29.0000
    2.6882    1.6713    4.0578    4.0000   30.0000
    2.8779    1.9071    4.1059    4.0000   31.0000
    2.9299    1.9934    4.1013    4.0000   32.0000
    2.9745    2.1250    4.0685    4.0000   33.0000
    0.8948    0.4822    1.5075    5.0000    2.0000
    1.4780    0.7777    1.8722    5.0000    3.0000
    1.8874    0.9853    2.1775    5.0000    4.0000
    2.2703    1.1795    2.6132    5.0000    5.0000
    2.4286    1.3359    3.8385    5.0000    6.0000
    2.4498    1.5420    4.1672    5.0000    7.0000
    2.6622    1.5884    4.4671    5.0000    8.0000
    2.9205    1.7806    4.9480    5.0000    9.0000
    3.1515    1.9491    5.3410    5.0000   10.0000
    3.1989    1.9576    5.3846    5.0000   11.0000
    3.2879    1.9736    5.4494    5.0000   12.0000
    3.5498    2.2086    5.7278    5.0000   13.0000
    3.6105    2.3572    5.8270    5.0000   14.0000
    3.6977    2.4517    5.8702    5.0000   15.0000
    3.8131    2.5369    5.8770    5.0000   16.0000
    3.9258    2.8356    5.8374    5.0000   17.0000
    4.0200    2.9088    5.7775    5.0000   18.0000
    0.9950    0.5788    1.5628    5.0000   19.0000
    1.7371    1.2532    1.8926    5.0000   20.0000
    1.8912    1.4479    1.9495    5.0000   21.0000
    2.1213    1.7906    1.9872    5.0000   22.0000
    1.6713    0.9143    1.9503    5.0000   23.0000
    2.0073    1.1949    2.0425    5.0000   24.0000
    2.3151    1.4485    2.0658    5.0000   25.0000
    2.4853    1.3633    3.9091    5.0000   26.0000
    2.5632    1.4009    3.9898    5.0000   27.0000
    2.8033    1.6495    4.2909    5.0000   28.0000
    2.9643    1.8127    4.4526    5.0000   29.0000
    3.0746    1.8598    4.4996    5.0000   30.0000
    3.2532    2.0867    4.5522    5.0000   31.0000
    3.3021    2.1701    4.5492    5.0000   32.0000
    3.3435    2.2977    4.5187    5.0000   33.0000
    1.1852    0.7642    2.5128    6.0000    2.0000
    1.7397    1.0397    2.9389    6.0000    3.0000
    2.1329    1.2358    3.3635    6.0000    4.0000
    2.5019    1.4199    3.7852    6.0000    5.0000
    3.1145    2.0323    4.7751    6.0000    6.0000
    3.1309    2.2202    5.0967    6.0000    7.0000
    3.3227    2.2560    5.3951    6.0000    8.0000
    3.5552    2.4247    5.8743    6.0000    9.0000
    3.7641    2.5731    6.2684    6.0000   10.0000
    3.8072    2.5794    6.3129    6.0000   11.0000
    3.8883    2.5913    6.3800    6.0000   12.0000
    4.1262    2.8012    6.6673    6.0000   13.0000
    4.1809    2.9380    6.7699    6.0000   14.0000
    4.2605    3.0236    6.8180    6.0000   15.0000
    4.3659    3.0995    6.8318    6.0000   16.0000
    4.4681    3.3770    6.8050    6.0000   17.0000
    4.5544    3.4428    6.7524    6.0000   18.0000
    1.2855    0.8610    2.5682    6.0000   19.0000
    2.0286    1.5360    2.8985    6.0000   20.0000
    2.1828    1.7309    2.9555    6.0000   21.0000
    2.4133    2.0738    2.9934    6.0000   22.0000
    1.9343    1.1772    3.0143    6.0000   23.0000
    2.2724    1.4595    3.1016    6.0000   24.0000
    2.5822    1.7146    3.1199    6.0000   25.0000
    3.1653    2.0555    4.8457    6.0000   26.0000
    3.2353    2.0873    4.9271    6.0000   27.0000
    3.4504    2.3080    5.2314    6.0000   28.0000
    3.5954    2.4535    5.3971    6.0000   29.0000
    3.6955    2.4936    5.4478    6.0000   30.0000
    3.8569    2.6986    5.5102    6.0000   31.0000
    3.9010    2.7747    5.5107    6.0000   32.0000
    3.9381    2.8925    5.4852    6.0000   33.0000
    1.2245    1.0744    2.7117    7.0000    2.0000
    1.7647    1.3312    3.1686    7.0000    3.0000
    2.1499    1.5159    3.6112    7.0000    4.0000
    2.5122    1.6899    4.0324    7.0000    5.0000
    3.1166    2.2771    5.0213    7.0000    6.0000
    3.1526    2.8417    5.2448    7.0000    7.0000
    3.3399    2.8698    5.5424    7.0000    8.0000
    3.5686    3.0247    6.0203    7.0000    9.0000
    3.7744    3.1609    6.4142    7.0000   10.0000
    3.8167    3.1655    6.4589    7.0000   11.0000
    3.8961    3.1742    6.5267    7.0000   12.0000
    4.1315    3.3690    6.8164    7.0000   13.0000
    4.1868    3.4995    6.9199    7.0000   14.0000
    4.2659    3.5796    6.9695    7.0000   15.0000
    4.3701    3.6496    6.9856    7.0000   16.0000
    4.4740    3.9152    6.9629    7.0000   17.0000
    4.5596    3.9761    6.9128    7.0000   18.0000
    1.3248    1.1712    2.7672    7.0000   19.0000
    2.0683    1.8468    3.0975    7.0000   20.0000
    2.2227    2.0418    3.1546    7.0000   21.0000
    2.4533    2.3849    3.1925    7.0000   22.0000
    1.9598    1.4693    3.2423    7.0000   23.0000
    2.2989    1.7529    3.3272    7.0000   24.0000
    2.6094    2.0091    3.3442    7.0000   25.0000
    3.1677    2.3006    5.0921    7.0000   26.0000
    3.2380    2.3330    5.1736    7.0000   27.0000
    3.4545    2.5563    5.4786    7.0000   28.0000
    3.6005    2.7035    5.6447    7.0000   29.0000
    3.7010    2.7443    5.6956    7.0000   30.0000
    3.8635    2.9516    5.7581    7.0000   31.0000
    3.9081    3.0285    5.7587    7.0000   32.0000
    3.9456    3.1474    5.7332    7.0000   33.0000
    1.5268    1.1256    2.9609    8.0000    2.0000
    2.0467    1.3770    3.4879    8.0000    3.0000
    2.4201    1.5588    3.9313    8.0000    4.0000
    2.7722    1.7303    4.3511    8.0000    5.0000
    3.3568    2.3098    5.3367    8.0000    6.0000
    3.3855    2.8675    5.5580    8.0000    7.0000
    3.9237    2.9426    5.7171    8.0000    8.0000
    4.1375    3.0932    6.1928    8.0000    9.0000
    4.3304    3.2259    6.5860    8.0000   10.0000
    4.3703    3.2305    6.6310    8.0000   11.0000
    4.4454    3.2393    6.6995    8.0000   12.0000
    4.6660    3.4293    6.9925    8.0000   13.0000
    4.7168    3.5565    7.0974    8.0000   14.0000
    4.7907    3.6348    7.1492    8.0000   15.0000
    4.8889    3.7034    7.1683    8.0000   16.0000
    4.9842    3.9631    7.1518    8.0000   17.0000
    5.0649    4.0230    7.1051    8.0000   18.0000
    1.6272    1.2225    3.0163    8.0000   19.0000
    2.3714    1.8983    3.3464    8.0000   20.0000
    2.5259    2.0934    3.4034    8.0000   21.0000
    2.7567    2.4367    3.4411    8.0000   22.0000
    2.2429    1.5156    3.5602    8.0000   23.0000
    2.5837    1.8000    3.6416    8.0000   24.0000
    2.8958    2.0568    3.6543    8.0000   25.0000
    3.4086    2.3336    5.4078    8.0000   26.0000
    3.4798    2.3663    5.4896    8.0000   27.0000
    3.6994    2.5913    5.7955    8.0000   28.0000
    3.8475    2.7396    5.9621    8.0000   29.0000
    3.9493    2.7808    6.0131    8.0000   30.0000
    4.1142    2.9893    6.0760    8.0000   31.0000
    4.1594    3.0666    6.0766    8.0000   32.0000
    4.1977    3.1861    6.0511    8.0000   33.0000
    1.8775    1.3740    3.3266    9.0000    2.0000
    2.3678    1.6090    3.9426    9.0000    3.0000
    2.7241    1.7811    4.3848    9.0000    4.0000
    3.0613    1.9441    4.8044    9.0000    5.0000
    3.6203    2.5002    5.7895    9.0000    6.0000
    3.6435    3.0419    6.0089    9.0000    7.0000
    4.1683    3.1142    6.1671    9.0000    8.0000
    4.7367    3.5141    6.4159    9.0000    9.0000
    4.9156    3.6373    6.8077    9.0000   10.0000
    4.9529    3.6412    6.8530    9.0000   11.0000
    5.0231    3.6485    6.9225    9.0000   12.0000
    5.2282    3.8261    7.2196    9.0000   13.0000
    5.2750    3.9464    7.3264    9.0000   14.0000
    5.3438    4.0201    7.3812    9.0000   15.0000
    5.4356    4.0844    7.4047    9.0000   16.0000
    5.5236    4.3316    7.3970    9.0000   17.0000
    5.5991    4.3879    7.3551    9.0000   18.0000
    1.9780    1.4710    3.3818    9.0000   19.0000
    2.7232    2.1475    3.7104    9.0000   20.0000
    2.8779    2.3428    3.7671    9.0000   21.0000
    3.1090    2.6863    3.8043    9.0000   22.0000
    2.5654    1.7485    4.0151    9.0000   23.0000
    2.9088    2.0345    4.0966    9.0000   24.0000
    3.2230    2.2927    4.1095    9.0000   25.0000
    3.6730    2.5245    5.8608    9.0000   26.0000
    3.7455    2.5579    5.9429    9.0000   27.0000
    3.9695    2.7863    6.2500    9.0000   28.0000
    4.1203    2.9368    6.4172    9.0000   29.0000
    4.2238    2.9789    6.4683    9.0000   30.0000
    4.3920    3.1903    6.5313    9.0000   31.0000
    4.4382    3.2685    6.5320    9.0000   32.0000
    4.4775    3.3891    6.5064    9.0000   33.0000
    2.1763    1.5813    3.6837   10.0000    2.0000
    2.6426    1.8031    4.3129   10.0000    3.0000
    2.9849    1.9675    4.7548   10.0000    4.0000
    3.3099    2.1237    5.1747   10.0000    5.0000
    3.8480    2.6606    6.1612   10.0000    6.0000
    3.8669    3.1890    6.3800   10.0000    7.0000
    4.3804    3.2593    6.5381   10.0000    8.0000
    4.9359    3.6503    6.7860   10.0000    9.0000
    5.4074    3.9743    6.9681   10.0000   10.0000
    5.4427    3.9777    7.0135   10.0000   11.0000
    5.5089    3.9841    7.0837   10.0000   12.0000
    5.7019    4.1519    7.3838   10.0000   13.0000
    5.7455    4.2668    7.4921   10.0000   14.0000
    5.8104    4.3369    7.5492   10.0000   15.0000
    5.8970    4.3976    7.5762   10.0000   16.0000
    5.9792    4.6346    7.5759   10.0000   17.0000
    6.0507    4.6882    7.5381   10.0000   18.0000
    2.2770    1.6783    3.7387   10.0000   19.0000
    3.0230    2.3554    4.0654   10.0000   20.0000
    3.1779    2.5508    4.1216   10.0000   21.0000
    3.4093    2.8945    4.1580   10.0000   22.0000
    2.8414    1.9434    4.3854   10.0000   23.0000
    3.1869    2.2307    4.4671   10.0000   24.0000
    3.5029    2.4901    4.4800   10.0000   25.0000
    3.9014    2.6853    6.2327   10.0000   26.0000
    3.9750    2.7194    6.3150   10.0000   27.0000
    4.2026    2.9507    6.6229   10.0000   28.0000
    4.3559    3.1030    6.7905   10.0000   29.0000
    4.4608    3.1459    6.8417   10.0000   30.0000
    4.6318    3.3596    6.9047   10.0000   31.0000
    4.6788    3.4386    6.9053   10.0000   32.0000
    4.7190    3.5603    6.8796   10.0000   33.0000
    2.2350    1.5878    3.7312   11.0000    2.0000
    2.6979    1.8089    4.3602   11.0000    3.0000
    3.0382    1.9728    4.8021   11.0000    4.0000
    3.3615    2.1287    5.2222   11.0000    5.0000
    3.8962    2.6644    6.2089   11.0000    6.0000
    3.9140    3.1915    6.4277   11.0000    7.0000
    4.4260    3.2621    6.5858   11.0000    8.0000
    4.9794    3.6529    6.8335   11.0000    9.0000
    5.4493    3.9768    7.0154   11.0000   10.0000
    5.5474    3.9847    7.0289   11.0000   11.0000
    5.6130    3.9912    7.0992   11.0000   12.0000
    5.8037    4.1583    7.3997   11.0000   13.0000
    5.8466    4.2726    7.5082   11.0000   14.0000
    5.9106    4.3424    7.5656   11.0000   15.0000
    5.9963    4.4030    7.5932   11.0000   16.0000
    6.0771    4.6389    7.5939   11.0000   17.0000
    6.1477    4.6924    7.5567   11.0000   18.0000
    2.3357    1.6849    3.7862   11.0000   19.0000
    3.0818    2.3620    4.1130   11.0000   20.0000
    3.2367    2.5574    4.1692   11.0000   21.0000
    3.4681    2.9011    4.2056   11.0000   22.0000
    2.8969    1.9492    4.4328   11.0000   23.0000
    3.2427    2.2367    4.5144   11.0000   24.0000
    3.5590    2.4962    4.5274   11.0000   25.0000
    3.9499    2.6892    6.2804   11.0000   26.0000
    4.0236    2.7233    6.3628   11.0000   27.0000
    4.2518    2.9549    6.6708   11.0000   28.0000
    4.4055    3.1074    6.8384   11.0000   29.0000
    4.5106    3.1504    6.8896   11.0000   30.0000
    4.6821    3.3644    6.9526   11.0000   31.0000
    4.7292    3.4434    6.9531   11.0000   32.0000
    4.7695    3.5652    6.9274   11.0000   33.0000
    2.3437    1.6002    3.8020   12.0000    2.0000
    2.8005    1.8199    4.4310   12.0000    3.0000
    3.1372    1.9830    4.8730   12.0000    4.0000
    3.4573    2.1383    5.2935   12.0000    5.0000
    3.9859    2.6717    6.2812   12.0000    6.0000
    4.0015    3.1966    6.5003   12.0000    7.0000
    4.5107    3.2677    6.6585   12.0000    8.0000
    5.0603    3.6579    6.9064   12.0000    9.0000
    5.5271    3.9814    7.0884   12.0000   10.0000
    5.6249    3.9895    7.1018   12.0000   11.0000
    5.8054    4.0050    7.1121   12.0000   12.0000
    5.9920    4.1708    7.4133   12.0000   13.0000
    6.0335    4.2841    7.5221   12.0000   14.0000
    6.0961    4.3533    7.5802   12.0000   15.0000
    6.1801    4.4136    7.6086   12.0000   16.0000
    6.2581    4.6476    7.6113   12.0000   17.0000
    6.3273    4.7009    7.5752   12.0000   18.0000
    2.4444    1.6973    3.8570   12.0000   19.0000
    3.1908    2.3746    4.1838   12.0000   20.0000
    3.3457    2.5700    4.2399   12.0000   21.0000
    3.5772    2.9137    4.2763   12.0000   22.0000
    2.9998    1.9603    4.5035   12.0000   23.0000
    3.3462    2.2481    4.5852   12.0000   24.0000
    3.6630    2.5078    4.5982   12.0000   25.0000
    4.0398    2.6966    6.3528   12.0000   26.0000
    4.1138    2.7308    6.4352   12.0000   27.0000
    4.3431    2.9630    6.7433   12.0000   28.0000
    4.4975    3.1159    6.9110   12.0000   29.0000
    4.6031    3.1591    6.9621   12.0000   30.0000
    4.7754    3.3735    7.0250   12.0000   31.0000
    4.8228    3.4526    7.0256   12.0000   32.0000
    4.8633    3.5746    6.9998   12.0000   33.0000
    2.6630    1.8795    4.0460   13.0000    2.0000
    3.0932    2.0831    4.6765   13.0000    3.0000
    3.4142    2.2366    5.1207   13.0000    4.0000
    3.7206    2.3833    5.5447   13.0000    5.0000
    4.2268    2.8925    6.5411   13.0000    6.0000
    4.2395    3.4008    6.7629   13.0000    7.0000
    4.7354    3.4688    6.9242   13.0000    8.0000
    5.2707    3.8474    7.1765   13.0000    9.0000
    5.7266    4.1619    7.3618   13.0000   10.0000
    5.8224    4.1697    7.3756   13.0000   11.0000
    5.9995    4.1846    7.3866   13.0000   12.0000
    6.4681    4.6055    7.4290   13.0000   13.0000
    6.5069    4.7125    7.5388   13.0000   14.0000
    6.5659    4.7776    7.5990   13.0000   15.0000
    6.6451    4.8339    7.6307   13.0000   16.0000
    6.7184    5.0560    7.6407   13.0000   17.0000
    6.7838    5.1059    7.6087   13.0000   18.0000
    2.7639    1.9767    4.1010   13.0000   19.0000
    3.5111    2.6546    4.4277   13.0000   20.0000
    3.6663    2.8501    4.4839   13.0000   21.0000
    3.8980    3.1941    4.5204   13.0000   22.0000
    3.2939    2.2244    4.7490   13.0000   23.0000
    3.6425    2.5138    4.8306   13.0000   24.0000
    3.9613    2.7749    4.8435   13.0000   25.0000
    4.2815    2.9179    6.6128   13.0000   26.0000
    4.3567    2.9529    6.6953   13.0000   27.0000
    4.5902    3.1887    7.0037   13.0000   28.0000
    4.7474    3.3439    7.1712   13.0000   29.0000
    4.8546    3.3880    7.2222   13.0000   30.0000
    5.0299    3.6052    7.2845   13.0000   31.0000
    5.0782    3.6854    7.2848   13.0000   32.0000
    5.1197    3.8087    7.2587   13.0000   33.0000
    2.7411    2.0639    4.1144   14.0000    2.0000
    3.1604    2.2581    4.7461   14.0000    3.0000
    3.4750    2.4059    5.1918   14.0000    4.0000
    3.7758    2.5474    5.6178   14.0000    5.0000
    4.2740    3.0426    6.6194   14.0000    6.0000
    4.2876    3.5422    6.8430   14.0000    7.0000
    4.7775    3.6073    7.0065   14.0000    8.0000
    5.3079    3.9784    7.2619   14.0000    9.0000
    5.7600    4.2870    7.4497   14.0000   10.0000
    5.8548    4.2943    7.4640   14.0000   11.0000
    6.0302    4.3084    7.4756   14.0000   12.0000
    6.4959    4.7224    7.5202   14.0000   13.0000
    6.5846    4.9996    7.5262   14.0000   14.0000
    6.6429    5.0625    7.5870   14.0000   15.0000
    6.7210    5.1165    7.6199   14.0000   16.0000
    6.7946    5.3332    7.6322   14.0000   17.0000
    6.8592    5.3813    7.6017   14.0000   18.0000
    2.8420    2.1612    4.1694   14.0000   19.0000
    3.5896    2.8393    4.4962   14.0000   20.0000
    3.7448    3.0349    4.5525   14.0000   21.0000
    3.9767    3.3791    4.5890   14.0000   22.0000
    3.3616    2.3999    4.8186   14.0000   23.0000
    3.7111    2.6901    4.9002   14.0000   24.0000
    4.0306    2.9518    4.9130   14.0000   25.0000
    4.3291    3.0682    6.6911   14.0000   26.0000
    4.4047    3.1036    6.7736   14.0000   27.0000
    4.6397    3.3411    7.0820   14.0000   28.0000
    4.7978    3.4975    7.2495   14.0000   29.0000
    4.9055    3.5420    7.3003   14.0000   30.0000
    5.0820    3.7607    7.3623   14.0000   31.0000
    5.1307    3.8414    7.3624   14.0000   32.0000
    5.1726    3.9653    7.3361   14.0000   33.0000
    2.8457    2.1737    4.1442   15.0000    2.0000
    3.2557    2.3621    4.7772   15.0000    3.0000
    3.5648    2.5063    5.2242   15.0000    4.0000
    3.8608    2.6446    5.6522   15.0000    5.0000
    4.3513    3.1308    6.6588   15.0000    6.0000
    4.3643    3.6243    6.8842   15.0000    7.0000
    4.8493    3.6881    7.0497   15.0000    8.0000
    5.3748    4.0548    7.3082   15.0000    9.0000
    5.8231    4.3599    7.4985   15.0000   10.0000
    5.9172    4.3671    7.5131   15.0000   11.0000
    6.0913    4.3809    7.5253   15.0000   12.0000
    6.5535    4.7907    7.5721   15.0000   13.0000
    6.6415    5.0655    7.5789   15.0000   14.0000
    6.7852    5.2242    7.5467   15.0000   15.0000
    6.8619    5.2769    7.5805   15.0000   16.0000
    6.9344    5.4897    7.5949   15.0000   17.0000
    6.9978    5.5367    7.5657   15.0000   18.0000
    2.9466    2.2710    4.1992   15.0000   19.0000
    3.6945    2.9494    4.5262   15.0000   20.0000
    3.8498    3.1450    4.5824   15.0000   21.0000
    4.0817    3.4893    4.6189   15.0000   22.0000
    3.4573    2.5042    4.8496   15.0000   23.0000
    3.8076    2.7949    4.9313   15.0000   24.0000
    4.1278    3.0571    4.9438   15.0000   25.0000
    4.4066    3.1567    6.7305   15.0000   26.0000
    4.4827    3.1923    6.8130   15.0000   27.0000
    4.7192    3.4311    7.1213   15.0000   28.0000
    4.8782    3.5883    7.2886   15.0000   29.0000
    4.9865    3.6332    7.3394   15.0000   30.0000
    5.1641    3.8530    7.4009   15.0000   31.0000
    5.2131    3.9340    7.4010   15.0000   32.0000
    5.2554    4.0584    7.3744   15.0000   33.0000
    2.9797    2.2669    4.1430   16.0000    2.0000
    3.3798    2.4501    4.7775   16.0000    3.0000
    3.6830    2.5912    5.2262   16.0000    4.0000
    3.9737    2.7268    5.6567   16.0000    5.0000
    4.4555    3.2048    6.6695   16.0000    6.0000
    4.4673    3.6924    6.8974   16.0000    7.0000
    4.9472    3.7555    7.0652   16.0000    8.0000
    5.4670    4.1184    7.3276   16.0000    9.0000
    5.9109    4.4206    7.5210   16.0000   10.0000
    6.0042    4.4277    7.5360   16.0000   11.0000
    6.1770    4.4415    7.5489   16.0000   12.0000
    6.6351    4.8478    7.5987   16.0000   13.0000
    6.7219    5.1203    7.6067   16.0000   14.0000
    6.8642    5.2778    7.5754   16.0000   15.0000
    7.0556    5.4086    7.5053   16.0000   16.0000
    7.1262    5.6175    7.5218   16.0000   17.0000
    7.1883    5.6635    7.4938   16.0000   18.0000
    3.0807    2.3642    4.1980   16.0000   19.0000
    3.8290    3.0428    4.5250   16.0000   20.0000
    3.9843    3.2385    4.5813   16.0000   21.0000
    4.2164    3.5828    4.6177   16.0000   22.0000
    3.5820    2.5925    4.8498   16.0000   23.0000
    3.9332    2.8838    4.9315   16.0000   24.0000
    4.2541    3.1465    4.9439   16.0000   25.0000
    4.5112    3.2309    6.7412   16.0000   26.0000
    4.5878    3.2668    6.8236   16.0000   27.0000
    4.8259    3.5070    7.1317   16.0000   28.0000
    4.9861    3.6650    7.2988   16.0000   29.0000
    5.0950    3.7102    7.3494   16.0000   30.0000
    5.2739    3.9311    7.4105   16.0000   31.0000
    5.3232    4.0125    7.4103   16.0000   32.0000
    5.3659    4.1374    7.3835   16.0000   33.0000
    3.1290    2.6309    4.0605   17.0000    2.0000
    3.5076    2.7966    4.6993   17.0000    3.0000
    3.7980    2.9268    5.1528   17.0000    4.0000
    4.0776    3.0525    5.5899   17.0000    5.0000
    4.5434    3.5036    6.6188   17.0000    6.0000
    4.5568    3.9743    6.8530   17.0000    7.0000
    5.0248    4.0319    7.0279   17.0000    8.0000
    5.5345    4.3803    7.3011   17.0000    9.0000
    5.9706    4.6710    7.5037   17.0000   10.0000
    6.0620    4.6772    7.5200   17.0000   11.0000
    6.2313    4.6894    7.5351   17.0000   12.0000
    6.6835    5.0822    7.5942   17.0000   13.0000
    6.7708    5.3476    7.6054   17.0000   14.0000
    6.9119    5.5006    7.5768   17.0000   15.0000
    7.1011    5.6273    7.5095   17.0000   16.0000
    7.2550    6.1381    7.3305   17.0000   17.0000
    7.3158    6.1810    7.3047   17.0000   18.0000
    3.2301    2.7283    4.1154   17.0000   19.0000
    3.9790    3.4075    4.4423   17.0000   20.0000
    4.1345    3.6034    4.4985   17.0000   21.0000
    4.3667    3.9479    4.5349   17.0000   22.0000
    3.7107    2.9398    4.7714   17.0000   23.0000
    4.0636    3.2325    4.8530   17.0000   24.0000
    4.3859    3.4965    4.8649   17.0000   25.0000
    4.5997    3.5301    6.6904   17.0000   26.0000
    4.6771    3.5667    6.7727   17.0000   27.0000
    4.9183    3.8104    7.0801   17.0000   28.0000
    5.0804    3.9706    7.2466   17.0000   29.0000
    5.1903    4.0167    7.2968   17.0000   30.0000
    5.3715    4.2404    7.3567   17.0000   31.0000
    5.4216    4.3227    7.3561   17.0000   32.0000
    5.4651    4.4489    7.3287   17.0000   33.0000
    3.2375    2.7090    3.9954   18.0000    2.0000
    3.6080    2.8706    4.6359   18.0000    3.0000
    3.8937    2.9984    5.0913   18.0000    4.0000
    4.1689    3.1218    5.5310   18.0000    5.0000
    4.6277    3.5664    6.5666   18.0000    6.0000
    4.6402    4.0323    6.8036   18.0000    7.0000
    5.1038    4.0893    6.9812   18.0000    8.0000
    5.6089    4.4346    7.2589   18.0000    9.0000
    6.0414    4.7229    7.4652   18.0000   10.0000
    6.1322    4.7291    7.4820   18.0000   11.0000
    6.3002    4.7413    7.4979   18.0000   12.0000
    6.7490    5.1311    7.5609   18.0000   13.0000
    6.8355    5.3946    7.5738   18.0000   14.0000
    6.9755    5.5466    7.5463   18.0000   15.0000
    7.1635    5.6725    7.4801   18.0000   16.0000
    7.3159    6.1801    7.3035   18.0000   17.0000
    7.4643    6.2841    7.1942   18.0000   18.0000
    3.3386    2.8064    4.0503   18.0000   19.0000
    4.0878    3.4858    4.3771   18.0000   20.0000
    4.2433    3.6817    4.4333   18.0000   21.0000
    4.4757    4.0263    4.4697   18.0000   22.0000
    3.8116    3.0140    4.7081   18.0000   23.0000
    4.1652    3.3073    4.7895   18.0000   24.0000
    4.4882    3.5716    4.8012   18.0000   25.0000
    4.6843    3.5931    6.6382   18.0000   26.0000
    4.7620    3.6299    6.7204   18.0000   27.0000
    5.0046    3.8747    7.0275   18.0000   28.0000
    5.1677    4.0356    7.1937   18.0000   29.0000
    5.2781    4.0820    7.2437   18.0000   30.0000
    5.4603    4.3065    7.3030   18.0000   31.0000
    5.5107    4.3891    7.3022   18.0000   32.0000
    5.5546    4.5158    7.2746   18.0000   33.0000
    0.5064    0.3547    1.3926   19.0000    2.0000
    0.5847    0.3925    0.7135   19.0000    3.0000
    0.6867    0.4432    0.4770   19.0000    4.0000
    0.7941    0.4966    0.8233   19.0000    5.0000
    1.0007    0.6876    2.1211   19.0000    6.0000
    1.0383    0.9263    2.4636   19.0000    7.0000
    1.3025    0.9902    2.7664   19.0000    8.0000
    1.6278    1.2215    3.2508   19.0000    9.0000
    1.9160    1.4228    3.6425   19.0000   10.0000
    1.9739    1.4347    3.6845   19.0000   11.0000
    2.0825    1.4572    3.7455   19.0000   12.0000
    2.4072    1.7320    4.0096   19.0000   13.0000
    2.4848    1.8989    4.1036   19.0000   14.0000
    2.5925    2.0071    4.1388   19.0000   15.0000
    2.7334    2.1064    4.1342   19.0000   16.0000
    2.8762    2.4367    4.0751   19.0000   17.0000
    2.9905    2.5206    4.0039   19.0000   18.0000
    0.7918    0.6308    1.4542   19.0000   19.0000
    1.4987    1.2722    1.8045   19.0000   20.0000
    1.6458    1.4593    1.8666   19.0000   21.0000
    1.8658    1.7899    1.9132   19.0000   22.0000
    0.8025    0.5438    0.8276   19.0000   23.0000
    1.1792    0.8511    0.9847   19.0000   24.0000
    1.5216    1.1266    1.0636   19.0000   25.0000
    1.0724    0.7222    2.1920   19.0000   26.0000
    1.1706    0.7696    2.2718   19.0000   27.0000
    1.4773    1.0662    2.5681   19.0000   28.0000
    1.6807    1.2585    2.7235   19.0000   29.0000
    1.8165    1.3169    2.7645   19.0000   30.0000
    2.0412    1.5793    2.8014   19.0000   31.0000
    2.1032    1.6742    2.7926   19.0000   32.0000
    2.1576    1.8172    2.7543   19.0000   33.0000
    1.4589    1.2228    1.7408   20.0000    2.0000
    1.5375    1.2608    1.0513   20.0000    3.0000
    1.6399    1.3117    0.7982   20.0000    4.0000
    1.7477    1.3654    1.1273   20.0000    5.0000
    1.9552    1.5570    2.4260   20.0000    6.0000
    1.9931    1.7963    2.7687   20.0000    7.0000
    2.2583    1.8606    3.0716   20.0000    8.0000
    2.5848    2.0928    3.5560   20.0000    9.0000
    2.8740    2.2947    3.9478   20.0000   10.0000
    2.9321    2.3067    3.9899   20.0000   11.0000
    3.0411    2.3294    4.0508   20.0000   12.0000
    3.3669    2.6050    4.3148   20.0000   13.0000
    3.4448    2.7722    4.4089   20.0000   14.0000
    3.5530    2.8807    4.4440   20.0000   15.0000
    3.6944    2.9803    4.4394   20.0000   16.0000
    3.8378    3.3112    4.3801   20.0000   17.0000
    3.9525    3.3954    4.3088   20.0000   18.0000
    1.7034    1.4600    1.7986   20.0000   19.0000
    3.3226    2.9291    2.1139   20.0000   20.0000
    3.4352    3.0776    2.1730   20.0000   21.0000
    3.6041    3.3459    2.2188   20.0000   22.0000
    1.7562    1.4127    1.1659   20.0000   23.0000
    2.1345    1.7211    1.3233   20.0000   24.0000
    2.4782    1.9976    1.4024   20.0000   25.0000
    2.0272    1.5918    2.4969   20.0000   26.0000
    2.1257    1.6394    2.5767   20.0000   27.0000
    2.4337    1.9369    2.8731   20.0000   28.0000
    2.6378    2.1299    3.0284   20.0000   29.0000
    2.7741    2.1885    3.0694   20.0000   30.0000
    2.9997    2.4516    3.1062   20.0000   31.0000
    3.0619    2.5467    3.0974   20.0000   32.0000
    3.1166    2.6900    3.0590   20.0000   33.0000
    1.6393    1.4577    1.7976   21.0000    2.0000
    1.7179    1.4956    1.1058   21.0000    3.0000
    1.8204    1.5466    0.8493   21.0000    4.0000
    1.9282    1.6004    1.1745   21.0000    5.0000
    2.1359    1.7921    2.4734   21.0000    6.0000
    2.1739    2.0315    2.8162   21.0000    7.0000
    2.4393    2.0959    3.1190   21.0000    8.0000
    2.7660    2.3283    3.6035   21.0000    9.0000
    3.0554    2.5303    3.9953   21.0000   10.0000
    3.1135    2.5423    4.0373   21.0000   11.0000
    3.2226    2.5651    4.0983   21.0000   12.0000
    3.5487    2.8409    4.3623   21.0000   13.0000
    3.6266    3.0082    4.4563   21.0000   14.0000
    3.7349    3.1168    4.4915   21.0000   15.0000
    3.8763    3.2164    4.4868   21.0000   16.0000
    4.0199    3.5475    4.4275   21.0000   17.0000
    4.1347    3.6317    4.3561   21.0000   18.0000
    1.8759    1.6861    1.8549   21.0000   19.0000
    3.4536    3.1088    2.1680   21.0000   20.0000
    3.7422    3.4943    2.2165   21.0000   21.0000
    3.9035    3.7500    2.2621   21.0000   22.0000
    1.9367    1.6477    1.2205   21.0000   23.0000
    2.3154    1.9564    1.3780   21.0000   24.0000
    2.6594    2.2331    1.4571   21.0000   25.0000
    2.2079    1.8269    2.5443   21.0000   26.0000
    2.3065    1.8746    2.6242   21.0000   27.0000
    2.6148    2.1723    2.9205   21.0000   28.0000
    2.8191    2.3654    3.0758   21.0000   29.0000
    2.9554    2.4241    3.1168   21.0000   30.0000
    3.1812    2.6873    3.1536   21.0000   31.0000
    3.2435    2.7825    3.1447   21.0000   32.0000
    3.2982    2.9259    3.1064   21.0000   33.0000
    1.9017    1.8639    1.8366   22.0000    2.0000
    1.9804    1.9019    1.1411   22.0000    3.0000
    2.0830    1.9530    0.8795   22.0000    4.0000
    2.1910    2.0069    1.1985   22.0000    5.0000
    2.3989    2.1988    2.4977   22.0000    6.0000
    2.4371    2.4384    2.8405   22.0000    7.0000
    2.7027    2.5029    3.1433   22.0000    8.0000
    3.0297    2.7356    3.6279   22.0000    9.0000
    3.3195    2.9379    4.0196   22.0000   10.0000
    3.3777    2.9499    4.0617   22.0000   11.0000
    3.4868    2.9727    4.1226   22.0000   12.0000
    3.8132    3.2488    4.3866   22.0000   13.0000
    3.8913    3.4162    4.4806   22.0000   14.0000
    3.9997    3.5249    4.5157   22.0000   15.0000
    4.1413    3.6246    4.5110   22.0000   16.0000
    4.2850    3.9559    4.4517   22.0000   17.0000
    4.3999    4.0402    4.3803   22.0000   18.0000
    2.1266    2.0782    1.8938   22.0000   19.0000
    3.6412    3.4251    2.2070   22.0000   20.0000
    3.9202    3.7944    2.2556   22.0000   21.0000
    4.3156    4.4315    2.2824   22.0000   22.0000
    2.1995    2.0542    1.2561   22.0000   23.0000
    2.5787    2.3633    1.4136   22.0000   24.0000
    2.9231    2.6403    1.4927   22.0000   25.0000
    2.4710    2.2337    2.5686   22.0000   26.0000
    2.5698    2.2814    2.6484   22.0000   27.0000
    2.8784    2.5794    2.9447   22.0000   28.0000
    3.0829    2.7727    3.1001   22.0000   29.0000
    3.2194    2.8315    3.1410   22.0000   30.0000
    3.4454    3.0949    3.1777   22.0000   31.0000
    3.5078    3.1902    3.1689   22.0000   32.0000
    3.5626    3.3337    3.1305   22.0000   33.0000
    0.8496    0.5185    0.8953   23.0000    2.0000
    1.4327    0.8109    0.9674   23.0000    3.0000
    1.5239    0.8563    1.2532   23.0000    4.0000
    1.6200    0.9042    1.7225   23.0000    5.0000
    1.8041    1.0794    2.9883   23.0000    6.0000
    1.8341    1.3036    3.3248   23.0000    7.0000
    2.0742    1.3592    3.6262   23.0000    8.0000
    2.3685    1.5727    4.1090   23.0000    9.0000
    2.6304    1.7592    4.5012   23.0000   10.0000
    2.6834    1.7694    4.5440   23.0000   11.0000
    2.7830    1.7889    4.6066   23.0000   12.0000
    3.0791    2.0459    4.8767   23.0000   13.0000
    3.1491    2.2049    4.9729   23.0000   14.0000
    3.2476    2.3071    5.0114   23.0000   15.0000
    3.3769    2.4000    5.0116   23.0000   16.0000
    3.5065    2.7168    4.9604   23.0000   17.0000
    3.6117    2.7960    4.8937   23.0000   18.0000
    0.9497    0.6151    0.9524   23.0000   19.0000
    1.6918    1.2895    1.2957   23.0000   20.0000
    1.8459    1.4842    1.3559   23.0000   21.0000
    2.0761    1.8269    1.3986   23.0000   22.0000
    1.9974    1.2119    0.9978   23.0000   23.0000
    2.3029    1.4687    1.0993   23.0000   24.0000
    2.5846    1.7023    1.1374   23.0000   25.0000
    1.8688    1.1106    3.0591   23.0000   26.0000
    1.9575    1.1535    3.1393   23.0000   27.0000
    2.2334    1.4283    3.4375   23.0000   28.0000
    2.4173    1.6075    3.5955   23.0000   29.0000
    2.5413    1.6608    3.6391   23.0000   30.0000
    2.7450    1.9074    3.6825   23.0000   31.0000
    2.8011    1.9972    3.6761   23.0000   32.0000
    2.8497    2.1336    3.6411   23.0000   33.0000
    1.3170    0.9080    1.0046   24.0000    2.0000
    1.8535    1.1706    1.0252   24.0000    3.0000
    1.9456    1.2165    1.3119   24.0000    4.0000
    2.0427    1.2650    1.7820   24.0000    5.0000
    2.2288    1.4416    3.0500   24.0000    6.0000
    2.2597    1.6671    3.3869   24.0000    7.0000
    2.5019    1.7237    3.6885   24.0000    8.0000
    2.7990    1.9391    4.1715   24.0000    9.0000
    3.0634    2.1272    4.5638   24.0000   10.0000
    3.1169    2.1377    4.6065   24.0000   11.0000
    3.2172    2.1576    4.6690   24.0000   12.0000
    3.5161    2.4166    4.9388   24.0000   13.0000
    3.5871    2.5764    5.0348   24.0000   14.0000
    3.6865    2.6792    5.0732   24.0000   15.0000
    3.8170    2.7730    5.0731   24.0000   16.0000
    3.9481    3.0912    5.0214   24.0000   17.0000
    4.0543    3.1710    4.9544   24.0000   18.0000
    1.4174    1.0048    1.0619   24.0000   19.0000
    2.1610    1.6802    1.4058   24.0000   20.0000
    2.3153    1.8752    1.4660   24.0000   21.0000
    2.5460    2.2183    1.5089   24.0000   22.0000
    2.3865    1.5460    1.0609   24.0000   23.0000
    3.2195    2.2496    1.1020   24.0000   24.0000
    3.4677    2.4540    1.1459   24.0000   25.0000
    2.2941    1.4732    3.1208   24.0000   26.0000
    2.3837    1.5166    3.2010   24.0000   27.0000
    2.6624    1.7936    3.4992   24.0000   28.0000
    2.8482    1.9742    3.6570   24.0000   29.0000
    2.9733    2.0280    3.7005   24.0000   30.0000
    3.1791    2.2763    3.7436   24.0000   31.0000
    3.2358    2.3667    3.7370   24.0000   32.0000
    3.2851    2.5037    3.7018   24.0000   33.0000
    1.7079    1.2280    1.0574   25.0000    2.0000
    2.2079    1.4681    1.0222   25.0000    3.0000
    2.3008    1.5144    1.3077   25.0000    4.0000
    2.3986    1.5634    1.7782   25.0000    5.0000
    2.5863    1.7412    3.0480   25.0000    6.0000
    2.6180    1.9677    3.3852   25.0000    7.0000
    2.8618    2.0251    3.6869   25.0000    8.0000
    3.1612    2.2420    4.1700   25.0000    9.0000
    3.4276    2.4314    4.5622   25.0000   10.0000
    3.4814    2.4420    4.6049   25.0000   11.0000
    3.5825    2.4622    4.6674   25.0000   12.0000
    3.8836    2.7227    4.9368   25.0000   13.0000
    3.9552    2.8832    5.0327   25.0000   14.0000
    4.0554    2.9866    5.0709   25.0000   15.0000
    4.1868    3.0809    5.0705   25.0000   16.0000
    4.3192    3.4004    5.0184   25.0000   17.0000
    4.4261    3.4806    4.9511   25.0000   18.0000
    1.8084    1.3249    1.1149   25.0000   19.0000
    2.5532    2.0012    1.4604   25.0000   20.0000
    2.7078    2.1963    1.5210   25.0000   21.0000
    2.9388    2.5398    1.5643   25.0000   22.0000
    2.7158    1.8239    1.0654   25.0000   23.0000
    3.5131    2.4958    1.1145   25.0000   24.0000
    4.1533    3.0254    1.1125   25.0000   25.0000
    2.6521    1.7731    3.1188   25.0000   26.0000
    2.7424    1.8168    3.1989   25.0000   27.0000
    3.0235    2.0956    3.4970   25.0000   28.0000
    3.2107    2.2773    3.6548   25.0000   29.0000
    3.3367    2.3316    3.6981   25.0000   30.0000
    3.5442    2.5812    3.7408   25.0000   31.0000
    3.6014    2.6719    3.7341   25.0000   32.0000
    3.6512    2.8095    3.6987   25.0000   33.0000
    1.2728    0.8047    2.5631   26.0000    2.0000
    1.8202    1.0770    3.0002   26.0000    3.0000
    2.2094    1.2711    3.4316   26.0000    4.0000
    2.5750    1.4536    3.8533   26.0000    5.0000
    3.1813    2.0617    4.8435   26.0000    6.0000
    3.1980    2.2500    5.1653   26.0000    7.0000
    3.3905    2.2860    5.4640   26.0000    8.0000
    3.6240    2.4554    5.9435   26.0000    9.0000
    3.8338    2.6043    6.3378   26.0000   10.0000
    3.8771    2.6106    6.3823   26.0000   11.0000
    3.9585    2.6226    6.4494   26.0000   12.0000
    4.1974    2.8332    6.7367   26.0000   13.0000
    4.2525    2.9703    6.8394   26.0000   14.0000
    4.3324    3.0561    6.8875   26.0000   15.0000
    4.4382    3.1323    6.9012   26.0000   16.0000
    4.5410    3.4103    6.8744   26.0000   17.0000
    4.6277    3.4763    6.8217   26.0000   18.0000
    1.3731    0.9015    2.6185   26.0000   19.0000
    2.1164    1.5767    2.9488   26.0000   20.0000
    2.2708    1.7716    3.0059   26.0000   21.0000
    2.5013    2.1146    3.0438   26.0000   22.0000
    2.0152    1.2146    3.0751   26.0000   23.0000
    2.3540    1.4973    3.1614   26.0000   24.0000
    2.6642    1.7527    3.1787   26.0000   25.0000
    3.3419    2.1340    4.8689   26.0000   26.0000
    3.4103    2.1652    4.9502   26.0000   27.0000
    3.6205    2.3823    5.2546   26.0000   28.0000
    3.7623    2.5257    5.4207   26.0000   29.0000
    3.8605    2.5650    5.4719   26.0000   30.0000
    4.0183    2.7673    5.5356   26.0000   31.0000
    4.0614    2.8424    5.5367   26.0000   32.0000
    4.0974    2.9589    5.5119   26.0000   33.0000
    1.3904    0.8592    2.6173   27.0000    2.0000
    1.9285    1.1271    3.0733   27.0000    3.0000
    2.3124    1.3188    3.5080   27.0000    4.0000
    2.6734    1.4992    3.9301   27.0000    5.0000
    3.2713    2.1013    4.9212   27.0000    6.0000
    3.2884    2.2902    5.2434   27.0000    7.0000
    3.4819    2.3266    5.5423   27.0000    8.0000
    3.7167    2.4967    6.0221   27.0000    9.0000
    3.9277    2.6463    6.4167   27.0000   10.0000
    3.9712    2.6527    6.4612   27.0000   11.0000
    4.0530    2.6649    6.5283   27.0000   12.0000
    4.2934    2.8763    6.8157   27.0000   13.0000
    4.3488    3.0139    6.9184   27.0000   14.0000
    4.4292    3.0999    6.9665   27.0000   15.0000
    4.5356    3.1765    6.9801   27.0000   16.0000
    4.6393    3.4552    6.9531   27.0000   17.0000
    4.7265    3.5215    6.9003   27.0000   18.0000
    1.4907    0.9560    2.6728   27.0000   19.0000
    2.2343    1.6313    3.0030   27.0000   20.0000
    2.3887    1.8263    3.0601   27.0000   21.0000
    2.6194    2.1694    3.0980   27.0000   22.0000
    2.1239    1.2650    3.1465   27.0000   23.0000
    2.4635    1.5481    3.2297   27.0000   24.0000
    2.7744    1.8039    3.2452   27.0000   25.0000
    3.4305    2.1730    4.9466   27.0000   26.0000
    3.6424    2.2686    4.9667   27.0000   27.0000
    3.8462    2.4812    5.2711   27.0000   28.0000
    3.9839    2.6217    5.4377   27.0000   29.0000
    4.0796    2.6602    5.4894   27.0000   30.0000
    4.2328    2.8588    5.5550   27.0000   31.0000
    4.2746    2.9327    5.5567   27.0000   32.0000
    4.3092    3.0474    5.5330   27.0000   33.0000
    1.7403    1.2152    2.7903   28.0000    2.0000
    2.2446    1.4599    3.3232   28.0000    3.0000
    2.6090    1.6379    3.7606   28.0000    4.0000
    2.9533    1.8062    4.1855   28.0000    5.0000
    3.5236    2.3761    5.1833   28.0000    6.0000
    3.5420    2.5676    5.5068   28.0000    7.0000
    3.7388    2.6057    5.8064   28.0000    8.0000
    3.9782    2.7795    6.2874   28.0000    9.0000
    4.1933    2.9324    6.6827   28.0000   10.0000
    4.2375    2.9392    6.7272   28.0000   11.0000
    4.3206    2.9521    6.7943   28.0000   12.0000
    4.5657    3.1676    7.0817   28.0000   13.0000
    4.6228    3.3071    7.1843   28.0000   14.0000
    4.7048    3.3947    7.2322   28.0000   15.0000
    4.8132    3.4729    7.2454   28.0000   16.0000
    4.9198    3.7552    7.2176   28.0000   17.0000
    5.0086    3.8228    7.1642   28.0000   18.0000
    1.8408    1.3121    2.8457   28.0000   19.0000
    2.5855    1.9883    3.1757   28.0000   20.0000
    2.7401    2.1835    3.2326   28.0000   21.0000
    2.9711    2.5269    3.2703   28.0000   22.0000
    2.4416    1.5990    3.3965   28.0000   23.0000
    2.7838    1.8841    3.4796   28.0000   24.0000
    3.0971    2.1416    3.4932   28.0000   25.0000
    3.6775    2.4442    5.2094   28.0000   26.0000
    3.8827    2.5351    5.2303   28.0000   27.0000
    4.4572    3.1441    5.2986   28.0000   28.0000
    4.5835    3.2712    5.4663   28.0000   29.0000
    4.6717    3.3045    5.5200   28.0000   30.0000
    4.8126    3.4861    5.5914   28.0000   31.0000
    4.8511    3.5542    5.5956   28.0000   32.0000
    4.8828    3.6609    5.5755   28.0000   33.0000
    1.9636    1.4359    2.8924   29.0000    2.0000
    2.4472    1.6671    3.4532   29.0000    3.0000
    2.7997    1.8370    3.8927   29.0000    4.0000
    3.1335    1.9981    4.3198   29.0000    5.0000
    3.6868    2.5486    5.3235   29.0000    6.0000
    3.7062    2.7418    5.6477   29.0000    7.0000
    3.9050    2.7810    5.9477   29.0000    8.0000
    4.1474    2.9571    6.4293   29.0000    9.0000
    4.3651    3.1120    6.8249   29.0000   10.0000
    4.4098    3.1190    6.8695   29.0000   11.0000
    4.4937    3.1323    6.9365   29.0000   12.0000
    4.7418    3.3504    7.2237   29.0000   13.0000
    4.7998    3.4911    7.3263   29.0000   14.0000
    4.8829    3.5796    7.3739   29.0000   15.0000
    4.9926    3.6587    7.3868   29.0000   16.0000
    5.1010    3.9433    7.3583   29.0000   17.0000
    5.1909    4.0117    7.3045   29.0000   18.0000
    2.0642    1.5329    2.9476   29.0000   19.0000
    2.8096    2.2096    3.2758   29.0000   20.0000
    2.9644    2.4048    3.3323   29.0000   21.0000
    3.1955    2.7484    3.3693   29.0000   22.0000
    2.6452    1.8068    3.5264   29.0000   23.0000
    2.9891    2.0932    3.6094   29.0000   24.0000
    3.3039    2.3517    3.6228   29.0000   25.0000
    3.8374    2.6146    5.3502   29.0000   26.0000
    4.0384    2.7027    5.3720   29.0000   27.0000
    4.6007    3.2966    5.4427   29.0000   28.0000
    4.9567    3.6610    5.4554   29.0000   29.0000
    5.0406    3.6916    5.5101   29.0000   30.0000
    5.1744    3.8634    5.5849   29.0000   31.0000
    5.2109    3.9281    5.5905   29.0000   32.0000
    5.2410    4.0301    5.5724   29.0000   33.0000
    2.1090    1.4911    2.9321   30.0000    2.0000
    2.5827    1.7183    3.4942   30.0000    3.0000
    2.9294    1.8859    3.9348   30.0000    4.0000
    3.2582    2.0451    4.3633   30.0000    5.0000
    3.8024    2.5898    5.3702   30.0000    6.0000
    3.8222    2.7836    5.6948   30.0000    7.0000
    4.0222    2.8232    5.9950   30.0000    8.0000
    4.2662    3.0002    6.4768   30.0000    9.0000
    4.4854    3.1559    6.8725   30.0000   10.0000
    4.5303    3.1630    6.9170   30.0000   11.0000
    4.6148    3.1765    6.9840   30.0000   12.0000
    4.8645    3.3956    7.2710   30.0000   13.0000
    4.9230    3.5367    7.3735   30.0000   14.0000
    5.0066    3.6256    7.4210   30.0000   15.0000
    5.1170    3.7051    7.4337   30.0000   16.0000
    5.2264    3.9904    7.4048   30.0000   17.0000
    5.3168    4.0591    7.3508   30.0000   18.0000
    2.2096    1.5881    2.9873   30.0000   19.0000
    2.9554    2.2650    3.3155   30.0000   20.0000
    3.1102    2.4603    3.3721   30.0000   21.0000
    3.3415    2.8040    3.4091   30.0000   22.0000
    2.7812    1.8583    3.5675   30.0000   23.0000
    3.1261    2.1452    3.6503   30.0000   24.0000
    3.4416    2.4042    3.6637   30.0000   25.0000
    3.9514    2.6552    5.3973   30.0000   26.0000
    4.1502    2.7427    5.4195   30.0000   27.0000
    4.7054    3.3322    5.4918   30.0000   28.0000
    5.0572    3.6942    5.5054   30.0000   29.0000
    5.2990    3.7794    5.4817   30.0000   30.0000
    5.4283    3.9478    5.5580   30.0000   31.0000
    5.4635    4.0114    5.5642   30.0000   32.0000
    5.4922    4.1115    5.5472   30.0000   33.0000
    2.3366    1.7744    2.9531   31.0000    2.0000
    2.7876    1.9855    3.5181   31.0000    3.0000
    3.1210    2.1434    3.9617   31.0000    4.0000
    3.4382    2.2939    4.3947   31.0000    5.0000
    3.9642    2.8149    5.4126   31.0000    6.0000
    3.9850    3.0108    5.7379   31.0000    7.0000
    4.1873    3.0516    6.0383   31.0000    8.0000
    4.4346    3.2314    6.5204   31.0000    9.0000
    4.6566    3.3894    6.9161   31.0000   10.0000
    4.7020    3.3968    6.9606   31.0000   11.0000
    4.7873    3.4108    7.0274   31.0000   12.0000
    5.0404    3.6329    7.3138   31.0000   13.0000
    5.1000    3.7755    7.4160   31.0000   14.0000
    5.1848    3.8654    7.4630   31.0000   15.0000
    5.2965    3.9461    7.4751   31.0000   16.0000
    5.4079    4.2341    7.4452   31.0000   17.0000
    5.4994    4.3037    7.3906   31.0000   18.0000
    2.4374    1.8715    3.0083   31.0000   19.0000
    3.1839    2.5490    3.3364   31.0000   20.0000
    3.3389    2.7444    3.3929   31.0000   21.0000
    3.5704    3.0883    3.4299   31.0000   22.0000
    2.9872    2.1263    3.5912   31.0000   23.0000
    3.3339    2.4147    3.6738   31.0000   24.0000
    3.6510    2.6749    3.6868   31.0000   25.0000
    4.1094    2.8777    5.4413   31.0000   26.0000
    4.3035    2.9617    5.4654   31.0000   27.0000
    4.8459    3.5324    5.5450   31.0000   28.0000
    5.1904    3.8838    5.5625   31.0000   29.0000
    5.4276    3.9660    5.5406   31.0000   30.0000
    5.7493    4.3984    5.4568   31.0000   31.0000
    5.7831    4.4587    5.4641   31.0000   32.0000
    5.8109    4.5543    5.4488   31.0000   33.0000
    2.3994    1.8783    2.9397   32.0000    2.0000
    2.8432    2.0838    3.5058   32.0000    3.0000
    3.1723    2.2383    3.9505   32.0000    4.0000
    3.4858    2.3857    4.3852   32.0000    5.0000
    4.0062    2.8983    5.4074   32.0000    6.0000
    4.0274    3.0949    5.7328   32.0000    7.0000
    4.2303    3.1362    6.0333   32.0000    8.0000
    4.4786    3.3169    6.5154   32.0000    9.0000
    4.7015    3.4757    6.9111   32.0000   10.0000
    4.7470    3.4832    6.9555   32.0000   11.0000
    4.8326    3.4973    7.0223   32.0000   12.0000
    5.0867    3.7205    7.3083   32.0000   13.0000
    5.1467    3.8635    7.4104   32.0000   14.0000
    5.2318    3.9539    7.4573   32.0000   15.0000
    5.3439    4.0349    7.4692   32.0000   16.0000
    5.4560    4.3239    7.4388   32.0000   17.0000
    5.5478    4.3938    7.3840   32.0000   18.0000
    2.5002    1.9754    2.9949   32.0000   19.0000
    3.2469    2.6531    3.3230   32.0000   20.0000
    3.4019    2.8485    3.3795   32.0000   21.0000
    3.6336    3.1925    3.4165   32.0000   22.0000
    3.0431    2.2248    3.5788   32.0000   23.0000
    3.3903    2.5137    3.6613   32.0000   24.0000
    3.7080    2.7743    3.6742   32.0000   25.0000
    4.1502    2.9601    5.4366   32.0000   26.0000
    4.3428    3.0429    5.4616   32.0000   27.0000
    4.8814    3.6069    5.5441   32.0000   28.0000
    5.2237    3.9545    5.5634   32.0000   29.0000
    5.4595    4.0356    5.5422   32.0000   30.0000
    5.7798    4.4642    5.4598   32.0000   31.0000
    5.8614    4.6199    5.4174   32.0000   32.0000
    5.8891    4.7141    5.4025   32.0000   33.0000
    2.4564    2.0399    2.8961   33.0000    2.0000
    2.8909    2.2370    3.4637   33.0000    3.0000
    3.2146    2.3863    3.9100   33.0000    4.0000
    3.5234    2.5290    4.3473   33.0000    5.0000
    4.0371    3.0293    5.3758   33.0000    6.0000
    4.0588    3.2268    5.7014   33.0000    7.0000
    4.2625    3.2686    6.0018   33.0000    8.0000
    4.5120    3.4506    6.4839   33.0000    9.0000
    4.7358    3.6106    6.8795   33.0000   10.0000
    4.7815    3.6182    6.9239   33.0000   11.0000
    4.8673    3.6325    6.9906   33.0000   12.0000
    5.1226    3.8571    7.2762   33.0000   13.0000
    5.1830    4.0009    7.3781   33.0000   14.0000
    5.2685    4.0917    7.4248   33.0000   15.0000
    5.3811    4.1733    7.4363   33.0000   16.0000
    5.4941    4.4636    7.4054   33.0000   17.0000
    5.5863    4.5340    7.3502   33.0000   18.0000
    2.5572    2.1371    2.9512   33.0000   19.0000
    3.3042    2.8150    3.2793   33.0000   20.0000
    3.4593    3.0105    3.3358   33.0000   21.0000
    3.6910    3.3546    3.3727   33.0000   22.0000
    3.0912    2.3784    3.5366   33.0000   23.0000
    3.4392    2.6679    3.6189   33.0000   24.0000
    3.7573    2.9291    3.6318   33.0000   25.0000
    4.1796    3.0895    5.4060   33.0000   26.0000
    4.3702    3.1702    5.4322   33.0000   27.0000
    4.9047    3.7242    5.5195   33.0000   28.0000
    5.2448    4.0661    5.5415   33.0000   29.0000
    5.4787    4.1453    5.5216   33.0000   30.0000
    5.7978    4.5682    5.4415   33.0000   31.0000
    5.8794    4.7221    5.3997   33.0000   32.0000
    5.9389    4.9588    5.3269   33.0000   33.0000