    0.4863    0.3261    2.6365    2.0000    2.0000         0         0
    0.4597    0.3121    2.5665    2.0000    3.0000    0.1143    0.1070
    0.4331    0.2981    2.4920    2.0000    4.0000    0.4386    0.3922
    0.4006    0.2808    2.3967    2.0000    5.0000    0.7547    0.6407
    0.3138    0.2168    2.0393    2.0000    6.0000    1.5495    1.0596
    0.3055    0.2060    1.9084    2.0000    7.0000    1.6929    0.9341
    0.2994    0.2036    1.8043    2.0000    8.0000    1.8270    0.9197
    0.3048    0.2080    1.6363    2.0000    9.0000    1.9360    0.7313
    0.3137    0.2142    1.5161    2.0000   10.0000    1.9360    0.5734
    0.3158    0.2150    1.5039    2.0000   11.0000    1.9360    0.5630
    0.3206    0.2167    1.4845    2.0000   12.0000    1.9360    0.5377
    0.3421    0.2333    1.3771    2.0000   13.0000    1.9360    0.1957
    0.3507    0.2444    1.3309    2.0000   14.0000    1.9360         0
    0.3631    0.2552    1.3068    2.0000   15.0000    1.9360         0
    0.3795    0.2670    1.2923    2.0000   16.0000    1.9360         0
    0.4065    0.3029    1.3259    2.0000   17.0000    1.9360         0
    0.4234    0.3156    1.3453    2.0000   18.0000    1.9360   -0.0285
    0.4860    0.3258    2.6338    2.0000   19.0000         0         0
    0.4850    0.3250    2.6150    2.0000   20.0000         0         0
    0.4853    0.3252    2.6117    2.0000   21.0000         0         0
    0.4864    0.3267    2.6089    2.0000   22.0000         0         0
    0.4513    0.3069    2.5518    2.0000   23.0000    0.2274    0.1982
    0.4356    0.2961    2.5254    2.0000   24.0000    0.4269    0.3080
    0.4317    0.2932    2.5162    2.0000   25.0000    0.4638    0.2669
    0.3053    0.2121    2.0054    2.0000   26.0000    1.6158    1.0667
    0.2947    0.2061    1.9615    2.0000   27.0000    1.7015    1.0673
    0.2637    0.1811    1.7914    2.0000   28.0000    1.9360    0.9821
    0.2476    0.1675    1.7186    2.0000   29.0000    1.9360    0.9527
    0.2405    0.1638    1.6926    2.0000   30.0000    1.9360    0.9346
    0.2560    0.1786    1.6541    2.0000   31.0000    1.9360    0.6288
    0.2624    0.1857    1.6472    2.0000   32.0000    1.9360    0.4959
    0.2717    0.1994    1.6473    2.0000   33.0000    1.9360    0.2740
    0.4587    0.3116    2.5650    3.0000    2.0000         0         0
    0.4373    0.3003    2.5001    3.0000    3.0000    0.0362    0.0339
    0.4122    0.2870    2.4283    3.0000    4.0000    0.3596    0.3217
    0.3810    0.2705    2.3361    3.0000    5.0000    0.6748    0.5731
    0.2960    0.2078    1.9887    3.0000    6.0000    1.4673    1.0042
    0.2874    0.1963    1.8620    3.0000    7.0000    1.6102    0.8895
    0.2802    0.1933    1.7591    3.0000    8.0000    1.7439    0.8785
    0.2841    0.1969    1.5801    3.0000    9.0000    1.8984    0.6740
    0.2935    0.2036    1.4485    3.0000   10.0000    1.9360    0.4941
    0.2956    0.2044    1.4364    3.0000   11.0000    1.9360    0.4836
    0.3003    0.2060    1.4170    3.0000   12.0000    1.9360    0.4584
    0.3216    0.2225    1.3098    3.0000   13.0000    1.9360    0.1170
    0.3301    0.2336    1.2636    3.0000   14.0000    1.9360         0
    0.3423    0.2442    1.2395    3.0000   15.0000    1.9360         0
    0.3586    0.2559    1.2250    3.0000   16.0000    1.9360         0
    0.3853    0.2916    1.2680    3.0000   17.0000    1.9360         0
    0.4021    0.3042    1.2872    3.0000   18.0000    1.9360   -0.1048
    0.4584    0.3113    2.5622    3.0000   19.0000         0         0
    0.4575    0.3104    2.5435    3.0000   20.0000         0         0
    0.4577    0.3107    2.5401    3.0000   21.0000         0         0
    0.4588    0.3122    2.5373    3.0000   22.0000         0         0
    0.4293    0.2953    2.4859    3.0000   23.0000    0.1491    0.1300
    0.4141    0.2848    2.4604    3.0000   24.0000    0.3481    0.2513
    0.4100    0.2818    2.4515    3.0000   25.0000    0.3850    0.2216
    0.2875    0.2030    1.9553    3.0000   26.0000    1.5333    1.0131
    0.2767    0.1970    1.9121    3.0000   27.0000    1.6188    1.0162
    0.2440    0.1708    1.7232    3.0000   28.0000    1.9360    0.9019
    0.2281    0.1574    1.6507    3.0000   29.0000    1.9360    0.8727
    0.2211    0.1537    1.6248    3.0000   30.0000    1.9360    0.8547
    0.2364    0.1683    1.5863    3.0000   31.0000    1.9360    0.5496
    0.2428    0.1754    1.5794    3.0000   32.0000    1.9360    0.4169
    0.2519    0.1890    1.5794    3.0000   33.0000    1.9360    0.1954
    0.4437    0.3036    2.5182    4.0000    2.0000         0         0
    0.4226    0.2924    2.4536    4.0000    3.0000    0.0340    0.0319
    0.4022    0.2816    2.3878    4.0000    4.0000    0.3004    0.2689
    0.3719    0.2656    2.2978    4.0000    5.0000    0.6149    0.5225
    0.2883    0.2039    1.9579    4.0000    6.0000    1.4056    0.9628
    0.2795    0.1920    1.8345    4.0000    7.0000    1.5483    0.8562
    0.2715    0.1886    1.7324    4.0000    8.0000    1.6817    0.8478
    0.2739    0.1910    1.5559    4.0000    9.0000    1.8358    0.6518
    0.2840    0.1986    1.4051    4.0000   10.0000    1.9360    0.4348
    0.2861    0.1993    1.3930    4.0000   11.0000    1.9360    0.4244
    0.2908    0.2010    1.3737    4.0000   12.0000    1.9360    0.3992
    0.3119    0.2174    1.2666    4.0000   13.0000    1.9360    0.0583
    0.3203    0.2284    1.2205    4.0000   14.0000    1.9360         0
    0.3325    0.2390    1.1964    4.0000   15.0000    1.9360         0
    0.3486    0.2506    1.1818    4.0000   16.0000    1.9360         0
    0.3751    0.2860    1.2318    4.0000   17.0000    1.9360         0
    0.3832    0.2910    1.2601    4.0000   18.0000    1.8808   -0.0826
    0.4434    0.3034    2.5155    4.0000   19.0000         0         0
    0.4425    0.3025    2.4968    4.0000   20.0000         0         0
    0.4427    0.3027    2.4934    4.0000   21.0000         0         0
    0.4438    0.3042    2.4906    4.0000   22.0000         0         0
    0.4146    0.2875    2.4395    4.0000   23.0000    0.1469    0.1281
    0.3994    0.2770    2.4140    4.0000   24.0000    0.3458    0.2497
    0.3953    0.2740    2.4052    4.0000   25.0000    0.3827    0.2203
    0.2798    0.1991    1.9250    4.0000   26.0000    1.4716    0.9731
    0.2690    0.1930    1.8823    4.0000   27.0000    1.5568    0.9781
    0.2349    0.1660    1.6794    4.0000   28.0000    1.9360    0.8422
    0.2191    0.1527    1.6071    4.0000   29.0000    1.9360    0.8131
    0.2122    0.1490    1.5813    4.0000   30.0000    1.9360    0.7951
    0.2274    0.1636    1.5428    4.0000   31.0000    1.9360    0.4904
    0.2337    0.1706    1.5359    4.0000   32.0000    1.9360    0.3580
    0.2428    0.1841    1.5359    4.0000   33.0000    1.9360    0.1368
    0.4287    0.2956    2.4707    5.0000    2.0000         0         0
    0.4078    0.2845    2.4064    5.0000    3.0000    0.0318    0.0298
    0.3876    0.2738    2.3409    5.0000    4.0000    0.2968    0.2657
    0.3631    0.2608    2.2592    5.0000    5.0000    0.5517    0.4692
    0.2809    0.2003    1.9275    5.0000    6.0000    1.3407    0.9192
    0.2720    0.1879    1.8074    5.0000    7.0000    1.4831    0.8212
    0.2632    0.1841    1.7063    5.0000    8.0000    1.6162    0.8157
    0.2640    0.1853    1.5324    5.0000    9.0000    1.7700    0.6287
    0.2733    0.1925    1.3748    5.0000   10.0000    1.8961    0.4012
    0.2757    0.1935    1.3585    5.0000   11.0000    1.9085    0.3821
    0.2810    0.1957    1.3335    5.0000   12.0000    1.9255    0.3448
    0.3025    0.2123    1.2230    5.0000   13.0000    1.9360         0
    0.3109    0.2233    1.1770    5.0000   14.0000    1.9360         0
    0.3229    0.2338    1.1529    5.0000   15.0000    1.9360         0
    0.3389    0.2453    1.1382    5.0000   16.0000    1.9360         0
    0.3581    0.2742    1.2045    5.0000   17.0000    1.8857         0
    0.3634    0.2769    1.2350    5.0000   18.0000    1.8149   -0.0473
    0.4284    0.2954    2.4680    5.0000   19.0000         0         0
    0.4274    0.2945    2.4492    5.0000   20.0000         0         0
    0.4276    0.2947    2.4459    5.0000   21.0000         0         0
    0.4288    0.2962    2.4431    5.0000   22.0000         0         0
    0.3998    0.2796    2.3923    5.0000   23.0000    0.1446    0.1261
    0.3846    0.2691    2.3669    5.0000   24.0000    0.3436    0.2481
    0.3805    0.2662    2.3580    5.0000   25.0000    0.3805    0.2191
    0.2724    0.1955    1.8949    5.0000   26.0000    1.4065    0.9310
    0.2616    0.1893    1.8528    5.0000   27.0000    1.4915    0.9380
    0.2265    0.1615    1.6456    5.0000   28.0000    1.8960    0.8009
    0.2105    0.1482    1.5632    5.0000   29.0000    1.9360    0.7505
    0.2036    0.1445    1.5374    5.0000   30.0000    1.9360    0.7326
    0.2187    0.1590    1.4990    5.0000   31.0000    1.9360    0.4284
    0.2250    0.1660    1.4921    5.0000   32.0000    1.9360    0.2961
    0.2339    0.1794    1.4920    5.0000   33.0000    1.9360    0.0753
    0.3958    0.2685    2.3589    6.0000    2.0000         0         0
    0.3753    0.2577    2.2953    6.0000    3.0000    0.0263    0.0247
    0.3558    0.2473    2.2308    6.0000    4.0000    0.2881    0.2579
    0.3320    0.2347    2.1504    6.0000    5.0000    0.5396    0.4590
    0.2658    0.1864    1.8581    6.0000    6.0000    1.1830    0.8139
    0.2565    0.1733    1.7464    6.0000    7.0000    1.3246    0.7367
    0.2461    0.1688    1.6479    6.0000    8.0000    1.4571    0.7383
    0.2434    0.1675    1.4805    6.0000    9.0000    1.6101    0.5735
    0.2486    0.1718    1.3277    6.0000   10.0000    1.7356    0.3663
    0.2502    0.1725    1.3116    6.0000   11.0000    1.7480    0.3486
    0.2541    0.1741    1.2866    6.0000   12.0000    1.7649    0.3136
    0.2750    0.1902    1.1563    6.0000   13.0000    1.8396         0
    0.2846    0.2015    1.1014    6.0000   14.0000    1.8668         0
    0.2938    0.2097    1.0840    6.0000   15.0000    1.8486         0
    0.3036    0.2163    1.0837    6.0000   16.0000    1.8074         0
    0.3164    0.2378    1.1508    6.0000   17.0000    1.7254         0
    0.3206    0.2397    1.1800    6.0000   18.0000    1.6549         0
    0.3955    0.2682    2.3562    6.0000   19.0000         0         0
    0.3945    0.2673    2.3374    6.0000   20.0000         0         0
    0.3947    0.2675    2.3341    6.0000   21.0000         0         0
    0.3959    0.2690    2.3313    6.0000   22.0000         0         0
    0.3674    0.2528    2.2813    6.0000   23.0000    0.1392    0.1214
    0.3524    0.2423    2.2560    6.0000   24.0000    0.3381    0.2441
    0.3483    0.2394    2.2472    6.0000   25.0000    0.3750    0.2159
    0.2575    0.1817    1.8268    6.0000   26.0000    1.2484    0.8293
    0.2466    0.1756    1.7860    6.0000   27.0000    1.3330    0.8413
    0.2097    0.1468    1.5854    6.0000   28.0000    1.7353    0.7358
    0.1926    0.1331    1.4619    6.0000   29.0000    1.9360    0.5997
    0.1858    0.1295    1.4363    6.0000   30.0000    1.9360    0.5821
    0.2006    0.1437    1.3979    6.0000   31.0000    1.9360    0.2790
    0.2067    0.1506    1.3909    6.0000   32.0000    1.9360    0.1471
    0.2155    0.1638    1.3908    6.0000   33.0000    1.9360         0
    0.3919    0.2587    2.3345    7.0000    2.0000         0         0
    0.3715    0.2480    2.2711    7.0000    3.0000    0.0253    0.0237
    0.3520    0.2378    2.2067    7.0000    4.0000    0.2864    0.2564
    0.3283    0.2253    2.1266    7.0000    5.0000    0.5373    0.4570
    0.2627    0.1775    1.8355    7.0000    6.0000    1.1788    0.8113
    0.2574    0.1715    1.7404    7.0000    7.0000    1.2683    0.7070
    0.2463    0.1669    1.6428    7.0000    8.0000    1.4005    0.7112
    0.2425    0.1650    1.4778    7.0000    9.0000    1.5533    0.5544
    0.2463    0.1684    1.3268    7.0000   10.0000    1.6786    0.3546
    0.2477    0.1691    1.3107    7.0000   11.0000    1.6909    0.3374
    0.2510    0.1704    1.2858    7.0000   12.0000    1.7078    0.3033
    0.2699    0.1850    1.1566    7.0000   13.0000    1.7825         0
    0.2788    0.1955    1.1022    7.0000   14.0000    1.8096         0
    0.2874    0.2030    1.0848    7.0000   15.0000    1.7915         0
    0.2965    0.2091    1.0844    7.0000   16.0000    1.7504         0
    0.3085    0.2290    1.1477    7.0000   17.0000    1.6685         0
    0.3125    0.2306    1.1764    7.0000   18.0000    1.5981         0
    0.3916    0.2584    2.3318    7.0000   19.0000         0         0
    0.3906    0.2575    2.3130    7.0000   20.0000         0         0
    0.3908    0.2578    2.3097    7.0000   21.0000         0         0
    0.3919    0.2593    2.3069    7.0000   22.0000         0         0
    0.3636    0.2431    2.2571    7.0000   23.0000    0.1381    0.1205
    0.3485    0.2327    2.2318    7.0000   24.0000    0.3370    0.2434
    0.3444    0.2298    2.2230    7.0000   25.0000    0.3739    0.2153
    0.2543    0.1728    1.8042    7.0000   26.0000    1.2442    0.8268
    0.2435    0.1668    1.7635    7.0000   27.0000    1.3287    0.8389
    0.2067    0.1380    1.5633    7.0000   28.0000    1.7310    0.7343
    0.1895    0.1243    1.4387    7.0000   29.0000    1.9360    0.5960
    0.1828    0.1208    1.4132    7.0000   30.0000    1.9360    0.5783
    0.1976    0.1350    1.3747    7.0000   31.0000    1.9360    0.2752
    0.2037    0.1419    1.3678    7.0000   32.0000    1.9360    0.1434
    0.2125    0.1550    1.3676    7.0000   33.0000    1.9360         0
    0.3824    0.2551    2.2916    8.0000    2.0000         0         0
    0.3621    0.2444    2.2284    8.0000    3.0000    0.0240    0.0225
    0.3428    0.2342    2.1643    8.0000    4.0000    0.2843    0.2545
    0.3194    0.2219    2.0845    8.0000    5.0000    0.5343    0.4546
    0.2542    0.1743    1.7950    8.0000    6.0000    1.1739    0.8081
    0.2491    0.1685    1.7006    8.0000    7.0000    1.2628    0.7042
    0.2481    0.1678    1.6364    8.0000    8.0000    1.2895    0.6571
    0.2422    0.1643    1.4761    8.0000    9.0000    1.4417    0.5161
    0.2435    0.1659    1.3287    8.0000   10.0000    1.5667    0.3310
    0.2444    0.1663    1.3127    8.0000   11.0000    1.5790    0.3147
    0.2468    0.1674    1.2879    8.0000   12.0000    1.5958    0.2825
    0.2620    0.1790    1.1609    8.0000   13.0000    1.6703         0
    0.2695    0.1878    1.1077    8.0000   14.0000    1.6974         0
    0.2769    0.1943    1.0905    8.0000   15.0000    1.6793         0
    0.2848    0.1996    1.0899    8.0000   16.0000    1.6383         0
    0.2952    0.2170    1.1458    8.0000   17.0000    1.5567         0
    0.2986    0.2183    1.1737    8.0000   18.0000    1.4865         0
    0.3821    0.2548    2.2889    8.0000   19.0000         0         0
    0.3811    0.2539    2.2701    8.0000   20.0000         0         0
    0.3813    0.2541    2.2667    8.0000   21.0000         0         0
    0.3825    0.2556    2.2640    8.0000   22.0000         0         0
    0.3543    0.2395    2.2144    8.0000   23.0000    0.1368    0.1193
    0.3392    0.2291    2.1892    8.0000   24.0000    0.3357    0.2424
    0.3351    0.2262    2.1804    8.0000   25.0000    0.3726    0.2145
    0.2459    0.1697    1.7637    8.0000   26.0000    1.2393    0.8237
    0.2351    0.1636    1.7231    8.0000   27.0000    1.3239    0.8361
    0.1983    0.1349    1.5233    8.0000   28.0000    1.7261    0.7324
    0.1811    0.1212    1.3976    8.0000   29.0000    1.9360    0.5915
    0.1744    0.1177    1.3721    8.0000   30.0000    1.9360    0.5738
    0.1892    0.1318    1.3336    8.0000   31.0000    1.9360    0.2708
    0.1953    0.1387    1.3266    8.0000   32.0000    1.9360    0.1390
    0.2040    0.1519    1.3264    8.0000   33.0000    1.9360         0
    0.3723    0.2479    2.2289    9.0000    2.0000         0         0
    0.3522    0.2373    2.1660    9.0000    3.0000    0.0224    0.0210
    0.3331    0.2273    2.1022    9.0000    4.0000    0.2817    0.2522
    0.3098    0.2150    2.0230    9.0000    5.0000    0.5308    0.4516
    0.2454    0.1680    1.7355    9.0000    6.0000    1.1679    0.8042
    0.2404    0.1623    1.6423    9.0000    7.0000    1.2556    0.7007
    0.2397    0.1618    1.5791    9.0000    8.0000    1.2808    0.6532
    0.2458    0.1661    1.4799    9.0000    9.0000    1.2647    0.4561
    0.2436    0.1651    1.3384    9.0000   10.0000    1.3891    0.2950
    0.2438    0.1652    1.3228    9.0000   11.0000    1.4013    0.2804
    0.2450    0.1658    1.2983    9.0000   12.0000    1.4181    0.2512
    0.2548    0.1734    1.1751    9.0000   13.0000    1.4923         0
    0.2603    0.1798    1.1239    9.0000   14.0000    1.5193         0
    0.2660    0.1847    1.1074    9.0000   15.0000    1.5013         0
    0.2721    0.1887    1.1066    9.0000   16.0000    1.4606         0
    0.2804    0.2025    1.1504    9.0000   17.0000    1.3794         0
    0.2832    0.2034    1.1772    9.0000   18.0000    1.3095         0
    0.3720    0.2476    2.2262    9.0000   19.0000         0         0
    0.3711    0.2467    2.2074    9.0000   20.0000         0         0
    0.3713    0.2470    2.2041    9.0000   21.0000         0         0
    0.3724    0.2485    2.2013    9.0000   22.0000         0         0
    0.3444    0.2325    2.1521    9.0000   23.0000    0.1352    0.1179
    0.3294    0.2221    2.1269    9.0000   24.0000    0.3341    0.2413
    0.3253    0.2192    2.1181    9.0000   25.0000    0.3710    0.2136
    0.2370    0.1633    1.7044    9.0000   26.0000    1.2333    0.8200
    0.2263    0.1573    1.6639    9.0000   27.0000    1.3178    0.8325
    0.1895    0.1286    1.4646    9.0000   28.0000    1.7199    0.7301
    0.1724    0.1150    1.3375    9.0000   29.0000    1.9360    0.5860
    0.1657    0.1115    1.3120    9.0000   30.0000    1.9360    0.5683
    0.1804    0.1256    1.2735    9.0000   31.0000    1.9360    0.2653
    0.1865    0.1325    1.2666    9.0000   32.0000    1.9360    0.1336
    0.1953    0.1456    1.2663    9.0000   33.0000    1.9360         0
    0.3635    0.2416    2.1715   10.0000    2.0000         0         0
    0.3435    0.2312    2.1089   10.0000    3.0000    0.0210    0.0196
    0.3245    0.2212    2.0455   10.0000    4.0000    0.2795    0.2502
    0.3014    0.2091    1.9667   10.0000    5.0000    0.5276    0.4490
    0.2375    0.1624    1.6811   10.0000    6.0000    1.1626    0.8008
    0.2328    0.1569    1.5889   10.0000    7.0000    1.2493    0.6975
    0.2322    0.1565    1.5265   10.0000    8.0000    1.2733    0.6498
    0.2386    0.1610    1.4292   10.0000    9.0000    1.2549    0.4533
    0.2459    0.1659    1.3543   10.0000   10.0000    1.2116    0.2597
    0.2456    0.1658    1.3390   10.0000   11.0000    1.2238    0.2469
    0.2457    0.1659    1.3149   10.0000   12.0000    1.2405    0.2211
    0.2508    0.1699    1.1962   10.0000   13.0000    1.3144         0
    0.2545    0.1742    1.1473   10.0000   14.0000    1.3414         0
    0.2587    0.1779    1.1315   10.0000   15.0000    1.3235         0
    0.2633    0.1808    1.1309   10.0000   16.0000    1.2830         0
    0.2700    0.1915    1.1623   10.0000   17.0000    1.2022         0
    0.2724    0.1922    1.1881   10.0000   18.0000    1.1327         0
    0.3632    0.2414    2.1688   10.0000   19.0000         0         0
    0.3622    0.2405    2.1501   10.0000   20.0000         0         0
    0.3624    0.2407    2.1467   10.0000   21.0000         0         0
    0.3635    0.2422    2.1439   10.0000   22.0000         0         0
    0.3356    0.2263    2.0950   10.0000   23.0000    0.1338    0.1167
    0.3207    0.2159    2.0699   10.0000   24.0000    0.3327    0.2402
    0.3166    0.2130    2.0611   10.0000   25.0000    0.3695    0.2128
    0.2292    0.1578    1.6500   10.0000   26.0000    1.2280    0.8167
    0.2185    0.1518    1.6097   10.0000   27.0000    1.3125    0.8294
    0.1818    0.1231    1.4109   10.0000   28.0000    1.7145    0.7281
    0.1647    0.1095    1.2826   10.0000   29.0000    1.9360    0.5811
    0.1579    0.1060    1.2571   10.0000   30.0000    1.9360    0.5635
    0.1727    0.1201    1.2186   10.0000   31.0000    1.9360    0.2605
    0.1788    0.1270    1.2116   10.0000   32.0000    1.9360    0.1288
    0.1875    0.1401    1.2114   10.0000   33.0000    1.9360         0
    0.3621    0.2411    2.1630   11.0000    2.0000         0         0
    0.3421    0.2306    2.1004   11.0000    3.0000    0.0208    0.0195
    0.3231    0.2207    2.0370   11.0000    4.0000    0.2791    0.2499
    0.3001    0.2086    1.9583   11.0000    5.0000    0.5272    0.4486
    0.2363    0.1620    1.6729   11.0000    6.0000    1.1619    0.8004
    0.2316    0.1565    1.5809   11.0000    7.0000    1.2485    0.6971
    0.2310    0.1561    1.5186   11.0000    8.0000    1.2723    0.6494
    0.2374    0.1606    1.4215   11.0000    9.0000    1.2536    0.4529
    0.2448    0.1655    1.3469   11.0000   10.0000    1.2100    0.2595
    0.2463    0.1659    1.3426   11.0000   11.0000    1.1941    0.2413
    0.2462    0.1660    1.3186   11.0000   12.0000    1.2108    0.2160
    0.2506    0.1694    1.2008   11.0000   13.0000    1.2847         0
    0.2540    0.1733    1.1522   11.0000   14.0000    1.3116         0
    0.2580    0.1768    1.1365   11.0000   15.0000    1.2937         0
    0.2624    0.1796    1.1360   11.0000   16.0000    1.2533         0
    0.2688    0.1898    1.1654   11.0000   17.0000    1.1725         0
    0.2711    0.1905    1.1910   11.0000   18.0000    1.1031         0
    0.3618    0.2408    2.1602   11.0000   19.0000         0         0
    0.3608    0.2399    2.1415   11.0000   20.0000         0         0
    0.3610    0.2402    2.1381   11.0000   21.0000         0         0
    0.3621    0.2417    2.1354   11.0000   22.0000         0         0
    0.3343    0.2258    2.0865   11.0000   23.0000    0.1336    0.1165
    0.3193    0.2154    2.0613   11.0000   24.0000    0.3325    0.2401
    0.3152    0.2125    2.0526   11.0000   25.0000    0.3693    0.2127
    0.2280    0.1573    1.6419   11.0000   26.0000    1.2272    0.8163
    0.2172    0.1513    1.6015   11.0000   27.0000    1.3118    0.8290
    0.1805    0.1227    1.4028   11.0000   28.0000    1.7138    0.7279
    0.1634    0.1090    1.2744   11.0000   29.0000    1.9360    0.5805
    0.1567    0.1055    1.2489   11.0000   30.0000    1.9360    0.5628
    0.1714    0.1196    1.2104   11.0000   31.0000    1.9360    0.2599
    0.1775    0.1265    1.2034   11.0000   32.0000    1.9360    0.1281
    0.1863    0.1397    1.2032   11.0000   33.0000    1.9360         0
    0.3598    0.2402    2.1487   12.0000    2.0000         0         0
    0.3398    0.2298    2.0861   12.0000    3.0000    0.0205    0.0192
    0.3209    0.2198    2.0229   12.0000    4.0000    0.2786    0.2495
    0.2979    0.2077    1.9443   12.0000    5.0000    0.5265    0.4480
    0.2342    0.1612    1.6593   12.0000    6.0000    1.1607    0.7996
    0.2296    0.1557    1.5675   12.0000    7.0000    1.2472    0.6964
    0.2290    0.1554    1.5054   12.0000    8.0000    1.2706    0.6486
    0.2355    0.1599    1.4087   12.0000    9.0000    1.2515    0.4522
    0.2429    0.1648    1.3345   12.0000   10.0000    1.2074    0.2591
    0.2444    0.1652    1.3303   12.0000   11.0000    1.1914    0.2409
    0.2476    0.1662    1.3275   12.0000   12.0000    1.1547    0.2065
    0.2507    0.1686    1.2112   12.0000   13.0000    1.2285         0
    0.2535    0.1719    1.1634   12.0000   14.0000    1.2554         0
    0.2571    0.1751    1.1481   12.0000   15.0000    1.2376         0
    0.2611    0.1776    1.1477   12.0000   16.0000    1.1972         0
    0.2671    0.1870    1.1731   12.0000   17.0000    1.1165         0
    0.2693    0.1877    1.1984   12.0000   18.0000    1.0472         0
    0.3595    0.2399    2.1460   12.0000   19.0000         0         0
    0.3585    0.2390    2.1272   12.0000   20.0000         0         0
    0.3587    0.2393    2.1238   12.0000   21.0000         0         0
    0.3599    0.2408    2.1211   12.0000   22.0000         0         0
    0.3320    0.2249    2.0723   12.0000   23.0000    0.1333    0.1162
    0.3170    0.2145    2.0471   12.0000   24.0000    0.3322    0.2399
    0.3130    0.2116    2.0384   12.0000   25.0000    0.3690    0.2125
    0.2259    0.1566    1.6283   12.0000   26.0000    1.2261    0.8155
    0.2152    0.1506    1.5880   12.0000   27.0000    1.3106    0.8283
    0.1785    0.1219    1.3894   12.0000   28.0000    1.7126    0.7274
    0.1614    0.1083    1.2607   12.0000   29.0000    1.9360    0.5794
    0.1547    0.1048    1.2352   12.0000   30.0000    1.9360    0.5617
    0.1694    0.1189    1.1966   12.0000   31.0000    1.9360    0.2588
    0.1755    0.1257    1.1897   12.0000   32.0000    1.9360    0.1270
    0.1842    0.1389    1.1894   12.0000   33.0000    1.9360         0
    0.3524    0.2345    2.0939   13.0000    2.0000         0         0
    0.3326    0.2241    2.0315   13.0000    3.0000    0.0193    0.0180
    0.3137    0.2143    1.9686   13.0000    4.0000    0.2767    0.2477
    0.2909    0.2023    1.8904   13.0000    5.0000    0.5238    0.4457
    0.2277    0.1561    1.6071   13.0000    6.0000    1.1561    0.7967
    0.2232    0.1508    1.5163   13.0000    7.0000    1.2418    0.6937
    0.2228    0.1505    1.4550   13.0000    8.0000    1.2641    0.6457
    0.2295    0.1552    1.3598   13.0000    9.0000    1.2430    0.4498
    0.2371    0.1602    1.2872   13.0000   10.0000    1.1971    0.2576
    0.2386    0.1607    1.2832   13.0000   11.0000    1.1808    0.2395
    0.2418    0.1616    1.2807   13.0000   12.0000    1.1436    0.2053
    0.2539    0.1707    1.2663   13.0000   13.0000    0.9835         0
    0.2547    0.1716    1.2222   13.0000   14.0000    1.0103         0
    0.2568    0.1734    1.2084   13.0000   15.0000    0.9927         0
    0.2595    0.1751    1.2089   13.0000   16.0000    0.9526         0
    0.2641    0.1814    1.2204   13.0000   17.0000    0.8724         0
    0.2665    0.1823    1.2498   13.0000   18.0000    0.8035         0
    0.3521    0.2342    2.0911   13.0000   19.0000         0         0
    0.3511    0.2334    2.0724   13.0000   20.0000         0         0
    0.3513    0.2336    2.0690   13.0000   21.0000         0         0
    0.3525    0.2351    2.0662   13.0000   22.0000         0         0
    0.3247    0.2193    2.0177   13.0000   23.0000    0.1321    0.1152
    0.3098    0.2089    1.9926   13.0000   24.0000    0.3310    0.2390
    0.3057    0.2060    1.9839   13.0000   25.0000    0.3678    0.2118
    0.2194    0.1515    1.5762   13.0000   26.0000    1.2215    0.8127
    0.2087    0.1455    1.5360   13.0000   27.0000    1.3060    0.8256
    0.1721    0.1169    1.3379   13.0000   28.0000    1.7080    0.7257
    0.1550    0.1033    1.2081   13.0000   29.0000    1.9360    0.5753
    0.1483    0.0998    1.1827   13.0000   30.0000    1.9360    0.5576
    0.1630    0.1139    1.1441   13.0000   31.0000    1.9360    0.2547
    0.1691    0.1207    1.1371   13.0000   32.0000    1.9360    0.1229
    0.1778    0.1339    1.1369   13.0000   33.0000    1.9360         0
    0.3503    0.2321    2.0747   14.0000    2.0000         0         0
    0.3305    0.2217    2.0125   14.0000    3.0000    0.0189    0.0177
    0.3117    0.2119    1.9496   14.0000    4.0000    0.2761    0.2472
    0.2890    0.1999    1.8716   14.0000    5.0000    0.5229    0.4450
    0.2259    0.1539    1.5889   14.0000    6.0000    1.1546    0.7957
    0.2215    0.1486    1.4984   14.0000    7.0000    1.2399    0.6928
    0.2211    0.1484    1.4373   14.0000    8.0000    1.2619    0.6447
    0.2279    0.1531    1.3427   14.0000    9.0000    1.2402    0.4490
    0.2355    0.1582    1.2707   14.0000   10.0000    1.1936    0.2572
    0.2370    0.1586    1.2667   14.0000   11.0000    1.1773    0.2391
    0.2402    0.1596    1.2643   14.0000   12.0000    1.1399    0.2049
    0.2523    0.1687    1.2506   14.0000   13.0000    0.9789         0
    0.2566    0.1741    1.2504   14.0000   14.0000    0.9103         0
    0.2583    0.1754    1.2374   14.0000   15.0000    0.8928         0
    0.2606    0.1768    1.2384   14.0000   16.0000    0.8528         0
    0.2650    0.1822    1.2511   14.0000   17.0000    0.7729         0
    0.2675    0.1833    1.2790   14.0000   18.0000    0.7041         0
    0.3500    0.2318    2.0720   14.0000   19.0000         0         0
    0.3490    0.2309    2.0532   14.0000   20.0000         0         0
    0.3492    0.2311    2.0499   14.0000   21.0000         0         0
    0.3504    0.2326    2.0471   14.0000   22.0000         0         0
    0.3227    0.2168    1.9987   14.0000   23.0000    0.1317    0.1148
    0.3077    0.2065    1.9736   14.0000   24.0000    0.3306    0.2387
    0.3037    0.2036    1.9649   14.0000   25.0000    0.3674    0.2116
    0.2177    0.1493    1.5580   14.0000   26.0000    1.2200    0.8118
    0.2069    0.1433    1.5178   14.0000   27.0000    1.3045    0.8247
    0.1703    0.1147    1.3199   14.0000   28.0000    1.7064    0.7251
    0.1532    0.1011    1.1898   14.0000   29.0000    1.9360    0.5739
    0.1465    0.0976    1.1643   14.0000   30.0000    1.9360    0.5562
    0.1612    0.1117    1.1258   14.0000   31.0000    1.9360    0.2533
    0.1673    0.1186    1.1188   14.0000   32.0000    1.9360    0.1216
    0.1760    0.1317    1.1185   14.0000   33.0000    1.9360         0
    0.3496    0.2315    2.0608   15.0000    2.0000         0         0
    0.3298    0.2211    1.9986   15.0000    3.0000    0.0188    0.0176
    0.3111    0.2113    1.9358   15.0000    4.0000    0.2759    0.2470
    0.2883    0.1994    1.8578   15.0000    5.0000    0.5227    0.4448
    0.2253    0.1534    1.5754   15.0000    6.0000    1.1542    0.7954
    0.2209    0.1481    1.4850   15.0000    7.0000    1.2394    0.6926
    0.2206    0.1479    1.4241   15.0000    8.0000    1.2613    0.6445
    0.2274    0.1526    1.3297   15.0000    9.0000    1.2394    0.4487
    0.2349    0.1577    1.2579   15.0000   10.0000    1.1927    0.2570
    0.2365    0.1582    1.2539   15.0000   11.0000    1.1763    0.2390
    0.2397    0.1592    1.2516   15.0000   12.0000    1.1389    0.2048
    0.2518    0.1682    1.2382   15.0000   13.0000    0.9776         0
    0.2561    0.1736    1.2381   15.0000   14.0000    0.9089         0
    0.2620    0.1780    1.2690   15.0000   15.0000    0.7979         0
    0.2641    0.1792    1.2705   15.0000   16.0000    0.7581         0
    0.2683    0.1840    1.2845   15.0000   17.0000    0.6783         0
    0.2712    0.1853    1.3127   15.0000   18.0000    0.6097         0
    0.3493    0.2312    2.0580   15.0000   19.0000         0         0
    0.3483    0.2303    2.0393   15.0000   20.0000         0         0
    0.3485    0.2306    2.0359   15.0000   21.0000         0         0
    0.3497    0.2321    2.0331   15.0000   22.0000         0         0
    0.3220    0.2163    1.9848   15.0000   23.0000    0.1316    0.1147
    0.3071    0.2059    1.9597   15.0000   24.0000    0.3304    0.2386
    0.3030    0.2030    1.9510   15.0000   25.0000    0.3673    0.2115
    0.2171    0.1488    1.5445   15.0000   26.0000    1.2196    0.8115
    0.2063    0.1428    1.5043   15.0000   27.0000    1.3041    0.8245
    0.1697    0.1142    1.3065   15.0000   28.0000    1.7060    0.7250
    0.1527    0.1006    1.1763   15.0000   29.0000    1.9360    0.5735
    0.1459    0.0971    1.1508   15.0000   30.0000    1.9360    0.5558
    0.1606    0.1112    1.1123   15.0000   31.0000    1.9360    0.2529
    0.1667    0.1181    1.1053   15.0000   32.0000    1.9360    0.1212
    0.1755    0.1312    1.1050   15.0000   33.0000    1.9360         0
    0.3496    0.2315    2.0487   16.0000    2.0000         0         0
    0.3298    0.2211    1.9865   16.0000    3.0000    0.0188    0.0176
    0.3110    0.2113    1.9238   16.0000    4.0000    0.2759    0.2470
    0.2883    0.1993    1.8458   16.0000    5.0000    0.5227    0.4448
    0.2253    0.1534    1.5635   16.0000    6.0000    1.1542    0.7954
    0.2209    0.1481    1.4733   16.0000    7.0000    1.2393    0.6926
    0.2206    0.1479    1.4124   16.0000    8.0000    1.2612    0.6445
    0.2273    0.1526    1.3182   16.0000    9.0000    1.2394    0.4487
    0.2349    0.1577    1.2465   16.0000   10.0000    1.1926    0.2570
    0.2364    0.1582    1.2425   16.0000   11.0000    1.1762    0.2390
    0.2397    0.1591    1.2402   16.0000   12.0000    1.1388    0.2048
    0.2518    0.1682    1.2269   16.0000   13.0000    0.9776         0
    0.2561    0.1736    1.2268   16.0000   14.0000    0.9089         0
    0.2620    0.1780    1.2577   16.0000   15.0000    0.7979         0
    0.2702    0.1828    1.3132   16.0000   16.0000    0.6458         0
    0.2744    0.1870    1.3290   16.0000   17.0000    0.5662         0
    0.2777    0.1887    1.3578   16.0000   18.0000    0.4978         0
    0.3493    0.2312    2.0459   16.0000   19.0000         0         0
    0.3483    0.2303    2.0272   16.0000   20.0000         0         0
    0.3485    0.2305    2.0238   16.0000   21.0000         0         0
    0.3497    0.2320    2.0210   16.0000   22.0000         0         0
    0.3220    0.2163    1.9727   16.0000   23.0000    0.1316    0.1147
    0.3071    0.2059    1.9477   16.0000   24.0000    0.3304    0.2386
    0.3030    0.2030    1.9389   16.0000   25.0000    0.3673    0.2115
    0.2170    0.1487    1.5327   16.0000   26.0000    1.2195    0.8115
    0.2063    0.1428    1.4925   16.0000   27.0000    1.3040    0.8245
    0.1697    0.1142    1.2947   16.0000   28.0000    1.7060    0.7250
    0.1526    0.1006    1.1646   16.0000   29.0000    1.9360    0.5735
    0.1459    0.0971    1.1391   16.0000   30.0000    1.9360    0.5558
    0.1606    0.1112    1.1006   16.0000   31.0000    1.9360    0.2529
    0.1667    0.1180    1.0936   16.0000   32.0000    1.9360    0.1212
    0.1754    0.1312    1.0933   16.0000   33.0000    1.9360         0
    0.3511    0.2332    2.0343   17.0000    2.0000         0         0
    0.3313    0.2229    1.9722   17.0000    3.0000    0.0190    0.0178
    0.3125    0.2130    1.9094   17.0000    4.0000    0.2763    0.2474
    0.2897    0.2010    1.8315   17.0000    5.0000    0.5233    0.4453
    0.2266    0.1550    1.5492   17.0000    6.0000    1.1553    0.7961
    0.2221    0.1497    1.4589   17.0000    7.0000    1.2407    0.6932
    0.2218    0.1494    1.3980   17.0000    8.0000    1.2628    0.6451
    0.2285    0.1541    1.3037   17.0000    9.0000    1.2414    0.4493
    0.2360    0.1592    1.2318   17.0000   10.0000    1.1951    0.2573
    0.2376    0.1596    1.2278   17.0000   11.0000    1.1788    0.2393
    0.2408    0.1606    1.2254   17.0000   12.0000    1.1415    0.2051
    0.2529    0.1696    1.2119   17.0000   13.0000    0.9809         0
    0.2572    0.1750    1.2117   17.0000   14.0000    0.9124         0
    0.2630    0.1794    1.2424   17.0000   15.0000    0.8017         0
    0.2712    0.1841    1.2977   17.0000   16.0000    0.6499         0
    0.2904    0.2018    1.4256   17.0000   17.0000    0.3535         0
    0.2951    0.2046    1.4559   17.0000   18.0000    0.2855         0
    0.3508    0.2329    2.0316   17.0000   19.0000         0         0
    0.3498    0.2321    2.0128   17.0000   20.0000         0         0
    0.3500    0.2323    2.0095   17.0000   21.0000         0         0
    0.3511    0.2338    2.0067   17.0000   22.0000         0         0
    0.3234    0.2180    1.9584   17.0000   23.0000    0.1319    0.1150
    0.3085    0.2077    1.9333   17.0000   24.0000    0.3307    0.2388
    0.3044    0.2047    1.9246   17.0000   25.0000    0.3676    0.2117
    0.2183    0.1503    1.5183   17.0000   26.0000    1.2206    0.8122
    0.2076    0.1444    1.4781   17.0000   27.0000    1.3051    0.8251
    0.1710    0.1158    1.2804   17.0000   28.0000    1.7071    0.7254
    0.1539    0.1022    1.1506   17.0000   29.0000    1.9360    0.5745
    0.1472    0.0987    1.1251   17.0000   30.0000    1.9360    0.5568
    0.1619    0.1128    1.0865   17.0000   31.0000    1.9360    0.2539
    0.1680    0.1196    1.0795   17.0000   32.0000    1.9360    0.1221
    0.1767    0.1327    1.0792   17.0000   33.0000    1.9360         0
    0.3527    0.2344    2.0319   18.0000    2.0000         0         0
    0.3328    0.2241    1.9697   18.0000    3.0000    0.0193    0.0181
    0.3140    0.2142    1.9070   18.0000    4.0000    0.2768    0.2478
    0.2912    0.2022    1.8290   18.0000    5.0000    0.5239    0.4458
    0.2280    0.1561    1.5465   18.0000    6.0000    1.1562    0.7967
    0.2235    0.1507    1.4561   18.0000    7.0000    1.2419    0.6938
    0.2231    0.1505    1.3951   18.0000    8.0000    1.2642    0.6458
    0.2298    0.1551    1.3006   18.0000    9.0000    1.2432    0.4499
    0.2373    0.1602    1.2285   18.0000   10.0000    1.1973    0.2577
    0.2389    0.1606    1.2245   18.0000   11.0000    1.1811    0.2396
    0.2421    0.1616    1.2221   18.0000   12.0000    1.1439    0.2054
    0.2541    0.1706    1.2083   18.0000   13.0000    0.9838         0
    0.2584    0.1760    1.2079   18.0000   14.0000    0.9156         0
    0.2643    0.1804    1.2385   18.0000   15.0000    0.8051         0
    0.2724    0.1851    1.2936   18.0000   16.0000    0.6536         0
    0.2914    0.2027    1.4211   18.0000   17.0000    0.3578         0
    0.3070    0.2125    1.5089   18.0000   18.0000    0.1824         0
    0.3524    0.2342    2.0292   18.0000   19.0000         0         0
    0.3514    0.2333    2.0104   18.0000   20.0000         0         0
    0.3516    0.2335    2.0070   18.0000   21.0000         0         0
    0.3527    0.2350    2.0043   18.0000   22.0000         0         0
    0.3250    0.2192    1.9559   18.0000   23.0000    0.1321    0.1152
    0.3101    0.2089    1.9309   18.0000   24.0000    0.3310    0.2390
    0.3060    0.2059    1.9222   18.0000   25.0000    0.3678    0.2118
    0.2197    0.1514    1.5156   18.0000   26.0000    1.2216    0.8128
    0.2090    0.1455    1.4755   18.0000   27.0000    1.3061    0.8257
    0.1724    0.1168    1.2777   18.0000   28.0000    1.7081    0.7257
    0.1553    0.1032    1.1481   18.0000   29.0000    1.9360    0.5754
    0.1486    0.0997    1.1226   18.0000   30.0000    1.9360    0.5577
    0.1633    0.1138    1.0840   18.0000   31.0000    1.9360    0.2548
    0.1694    0.1207    1.0771   18.0000   32.0000    1.9360    0.1230
    0.1781    0.1338    1.0768   18.0000   33.0000    1.9360         0
    0.4860    0.3258    2.6330   19.0000    2.0000         0         0
    0.4594    0.3118    2.5631   19.0000    3.0000    0.1142    0.1070
    0.4328    0.2977    2.4885   19.0000    4.0000    0.4386    0.3922
    0.4003    0.2805    2.3933   19.0000    5.0000    0.7547    0.6407
    0.3135    0.2165    2.0359   19.0000    6.0000    1.5495    1.0596
    0.3051    0.2057    1.9050   19.0000    7.0000    1.6929    0.9341
    0.2990    0.2032    1.8008   19.0000    8.0000    1.8269    0.9196
    0.3045    0.2076    1.6329   19.0000    9.0000    1.9360    0.7313
    0.3134    0.2139    1.5126   19.0000   10.0000    1.9360    0.5734
    0.3155    0.2146    1.5005   19.0000   11.0000    1.9360    0.5630
    0.3203    0.2163    1.4811   19.0000   12.0000    1.9360    0.5377
    0.3417    0.2329    1.3737   19.0000   13.0000    1.9360    0.1957
    0.3504    0.2441    1.3274   19.0000   14.0000    1.9360         0
    0.3627    0.2548    1.3033   19.0000   15.0000    1.9360         0
    0.3792    0.2666    1.2888   19.0000   16.0000    1.9360         0
    0.4062    0.3025    1.3225   19.0000   17.0000    1.9360         0
    0.4231    0.3153    1.3418   19.0000   18.0000    1.9360   -0.0285
    0.4865    0.3263    2.6303   19.0000   19.0000         0         0
    0.4856    0.3255    2.6116   19.0000   20.0000         0         0
    0.4858    0.3257    2.6083   19.0000   21.0000         0         0
    0.4869    0.3272    2.6062   19.0000   22.0000         0         0
    0.4509    0.3065    2.5484   19.0000   23.0000    0.2274    0.1982
    0.4353    0.2957    2.5219   19.0000   24.0000    0.4269    0.3080
    0.4313    0.2929    2.5127   19.0000   25.0000    0.4638    0.2669
    0.3050    0.2117    2.0019   19.0000   26.0000    1.6158    1.0667
    0.2943    0.2057    1.9581   19.0000   27.0000    1.7014    1.0673
    0.2633    0.1807    1.7879   19.0000   28.0000    1.9360    0.9821
    0.2472    0.1672    1.7151   19.0000   29.0000    1.9360    0.9527
    0.2401    0.1635    1.6892   19.0000   30.0000    1.9360    0.9346
    0.2556    0.1782    1.6506   19.0000   31.0000    1.9360    0.6288
    0.2621    0.1854    1.6437   19.0000   32.0000    1.9360    0.4959
    0.2713    0.1990    1.6438   19.0000   33.0000    1.9360    0.2740
    0.4846    0.3245    2.6095   20.0000    2.0000         0         0
    0.4580    0.3105    2.5395   20.0000    3.0000    0.1142    0.1069
    0.4314    0.2965    2.4649   20.0000    4.0000    0.4386    0.3922
    0.3989    0.2793    2.3697   20.0000    5.0000    0.7547    0.6407
    0.3121    0.2152    2.0123   20.0000    6.0000    1.5495    1.0595
    0.3037    0.2044    1.8814   20.0000    7.0000    1.6929    0.9341
    0.2977    0.2020    1.7773   20.0000    8.0000    1.8269    0.9196
    0.3031    0.2064    1.6093   20.0000    9.0000    1.9360    0.7312
    0.3120    0.2126    1.4891   20.0000   10.0000    1.9360    0.5734
    0.3141    0.2134    1.4769   20.0000   11.0000    1.9360    0.5629
    0.3189    0.2151    1.4575   20.0000   12.0000    1.9360    0.5376
    0.3404    0.2317    1.3501   20.0000   13.0000    1.9360    0.1957
    0.3490    0.2429    1.3039   20.0000   14.0000    1.9360         0
    0.3614    0.2536    1.2798   20.0000   15.0000    1.9360         0
    0.3778    0.2654    1.2653   20.0000   16.0000    1.9360         0
    0.4048    0.3013    1.2989   20.0000   17.0000    1.9360         0
    0.4217    0.3141    1.3183   20.0000   18.0000    1.9360   -0.0285
    0.4852    0.3251    2.6068   20.0000   19.0000         0         0
    0.4921    0.3313    2.6156   20.0000   20.0000         0         0
    0.4923    0.3315    2.6190   20.0000   21.0000         0         0
    0.4934    0.3330    2.6218   20.0000   22.0000         0         0
    0.4496    0.3053    2.5248   20.0000   23.0000    0.2274    0.1982
    0.4339    0.2945    2.4984   20.0000   24.0000    0.4268    0.3080
    0.4299    0.2917    2.4892   20.0000   25.0000    0.4638    0.2669
    0.3036    0.2105    1.9784   20.0000   26.0000    1.6157    1.0667
    0.2929    0.2045    1.9345   20.0000   27.0000    1.7014    1.0673
    0.2619    0.1795    1.7643   20.0000   28.0000    1.9360    0.9820
    0.2458    0.1660    1.6916   20.0000   29.0000    1.9360    0.9527
    0.2388    0.1623    1.6656   20.0000   30.0000    1.9360    0.9345
    0.2543    0.1770    1.6271   20.0000   31.0000    1.9360    0.6288
    0.2607    0.1841    1.6202   20.0000   32.0000    1.9360    0.4958
    0.2700    0.1978    1.6203   20.0000   33.0000    1.9360    0.2739
    0.4847    0.3247    2.6050   21.0000    2.0000         0         0
    0.4581    0.3107    2.5350   21.0000    3.0000    0.1142    0.1069
    0.4315    0.2966    2.4606   21.0000    4.0000    0.4386    0.3922
    0.3991    0.2794    2.3657   21.0000    5.0000    0.7547    0.6407
    0.3122    0.2154    2.0089   21.0000    6.0000    1.5495    1.0596
    0.3039    0.2046    1.8781   21.0000    7.0000    1.6929    0.9341
    0.2978    0.2022    1.7740   21.0000    8.0000    1.8269    0.9196
    0.3032    0.2066    1.6061   21.0000    9.0000    1.9360    0.7312
    0.3121    0.2128    1.4859   21.0000   10.0000    1.9360    0.5734
    0.3143    0.2136    1.4737   21.0000   11.0000    1.9360    0.5629
    0.3190    0.2153    1.4543   21.0000   12.0000    1.9360    0.5377
    0.3405    0.2319    1.3468   21.0000   13.0000    1.9360    0.1957
    0.3491    0.2430    1.3006   21.0000   14.0000    1.9360         0
    0.3615    0.2538    1.2765   21.0000   15.0000    1.9360         0
    0.3779    0.2656    1.2620   21.0000   16.0000    1.9360         0
    0.4049    0.3015    1.2955   21.0000   17.0000    1.9360         0
    0.4218    0.3142    1.3149   21.0000   18.0000    1.9360   -0.0285
    0.4853    0.3253    2.6035   21.0000   19.0000         0         0
    0.4923    0.3315    2.6201   21.0000   20.0000         0         0
    0.4945    0.3342    2.6234   21.0000   21.0000         0         0
    0.4956    0.3356    2.6262   21.0000   22.0000         0         0
    0.4497    0.3055    2.5204   21.0000   23.0000    0.2274    0.1982
    0.4341    0.2947    2.4941   21.0000   24.0000    0.4268    0.3080
    0.4301    0.2918    2.4849   21.0000   25.0000    0.4638    0.2669
    0.3037    0.2107    1.9750   21.0000   26.0000    1.6157    1.0667
    0.2931    0.2047    1.9312   21.0000   27.0000    1.7014    1.0673
    0.2621    0.1797    1.7612   21.0000   28.0000    1.9360    0.9820
    0.2460    0.1661    1.6885   21.0000   29.0000    1.9360    0.9527
    0.2389    0.1624    1.6625   21.0000   30.0000    1.9360    0.9345
    0.2544    0.1772    1.6239   21.0000   31.0000    1.9360    0.6288
    0.2609    0.1843    1.6170   21.0000   32.0000    1.9360    0.4958
    0.2701    0.1980    1.6171   21.0000   33.0000    1.9360    0.2739
    0.4859    0.3262    2.6071   22.0000    2.0000         0         0
    0.4593    0.3122    2.5372   22.0000    3.0000    0.1142    0.1070
    0.4327    0.2981    2.4630   22.0000    4.0000    0.4386    0.3922
    0.4002    0.2809    2.3682   22.0000    5.0000    0.7547    0.6407
    0.3134    0.2169    2.0121   22.0000    6.0000    1.5495    1.0596
    0.3050    0.2061    1.8814   22.0000    7.0000    1.6929    0.9341
    0.2989    0.2037    1.7774   22.0000    8.0000    1.8269    0.9197
    0.3043    0.2080    1.6095   22.0000    9.0000    1.9360    0.7313
    0.3133    0.2143    1.4893   22.0000   10.0000    1.9360    0.5734
    0.3154    0.2150    1.4771   22.0000   11.0000    1.9360    0.5630
    0.3202    0.2167    1.4577   22.0000   12.0000    1.9360    0.5377
    0.3416    0.2333    1.3502   22.0000   13.0000    1.9360    0.1957
    0.3502    0.2445    1.3039   22.0000   14.0000    1.9360         0
    0.3626    0.2552    1.2798   22.0000   15.0000    1.9360         0
    0.3791    0.2670    1.2653   22.0000   16.0000    1.9360         0
    0.4061    0.3029    1.2988   22.0000   17.0000    1.9360         0
    0.4230    0.3157    1.3181   22.0000   18.0000    1.9360   -0.0285
    0.4864    0.3267    2.6069   22.0000   19.0000         0         0
    0.4933    0.3329    2.6241   22.0000   20.0000         0         0
    0.4956    0.3356    2.6273   22.0000   21.0000         0         0
    0.5003    0.3418    2.6300   22.0000   22.0000         0         0
    0.4508    0.3069    2.5226   22.0000   23.0000    0.2274    0.1982
    0.4352    0.2961    2.4964   22.0000   24.0000    0.4269    0.3080
    0.4312    0.2933    2.4872   22.0000   25.0000    0.4638    0.2669
    0.3049    0.2121    1.9782   22.0000   26.0000    1.6158    1.0667
    0.2942    0.2062    1.9345   22.0000   27.0000    1.7014    1.0673
    0.2632    0.1811    1.7647   22.0000   28.0000    1.9360    0.9821
    0.2471    0.1676    1.6920   22.0000   29.0000    1.9360    0.9527
    0.2400    0.1639    1.6660   22.0000   30.0000    1.9360    0.9346
    0.2555    0.1786    1.6274   22.0000   31.0000    1.9360    0.6288
    0.2620    0.1858    1.6205   22.0000   32.0000    1.9360    0.4959
    0.2712    0.1994    1.6206   22.0000   33.0000    1.9360    0.2740
    0.4535    0.3080    2.5573   23.0000    2.0000         0         0
    0.4322    0.2968    2.4925   23.0000    3.0000    0.0354    0.0332
    0.4071    0.2835    2.4208   23.0000    4.0000    0.3588    0.3210
    0.3759    0.2670    2.3286   23.0000    5.0000    0.6740    0.5724
    0.2909    0.2043    1.9813   23.0000    6.0000    1.4664    1.0036
    0.2823    0.1929    1.8547   23.0000    7.0000    1.6094    0.8890
    0.2751    0.1899    1.7517   23.0000    8.0000    1.7431    0.8780
    0.2790    0.1934    1.5728   23.0000    9.0000    1.8975    0.6737
    0.2884    0.2002    1.4409   23.0000   10.0000    1.9360    0.4932
    0.2905    0.2009    1.4288   23.0000   11.0000    1.9360    0.4828
    0.2952    0.2026    1.4094   23.0000   12.0000    1.9360    0.4575
    0.3165    0.2190    1.3022   23.0000   13.0000    1.9360    0.1162
    0.3250    0.2301    1.2560   23.0000   14.0000    1.9360         0
    0.3372    0.2408    1.2320   23.0000   15.0000    1.9360         0
    0.3535    0.2524    1.2174   23.0000   16.0000    1.9360         0
    0.3802    0.2881    1.2605   23.0000   17.0000    1.9360         0
    0.3969    0.3008    1.2798   23.0000   18.0000    1.9360   -0.1055
    0.4532    0.3078    2.5546   23.0000   19.0000         0         0
    0.4522    0.3069    2.5358   23.0000   20.0000         0         0
    0.4524    0.3071    2.5324   23.0000   21.0000         0         0
    0.4536    0.3086    2.5297   23.0000   22.0000         0         0
    0.4290    0.2948    2.4836   23.0000   23.0000    0.0758    0.0661
    0.4142    0.2846    2.4588   23.0000   24.0000    0.2743    0.1982
    0.4101    0.2816    2.4503   23.0000   25.0000    0.3111    0.1792
    0.2824    0.1996    1.9479   23.0000   26.0000    1.5325    1.0126
    0.2717    0.1935    1.9047   23.0000   27.0000    1.6179    1.0157
    0.2389    0.1673    1.7156   23.0000   28.0000    1.9360    0.9011
    0.2230    0.1539    1.6431   23.0000   29.0000    1.9360    0.8719
    0.2160    0.1503    1.6172   23.0000   30.0000    1.9360    0.8539
    0.2313    0.1649    1.5787   23.0000   31.0000    1.9360    0.5487
    0.2377    0.1720    1.5718   23.0000   32.0000    1.9360    0.4161
    0.2468    0.1855    1.5719   23.0000   33.0000    1.9360    0.1946
    0.4443    0.3009    2.5463   24.0000    2.0000         0         0
    0.4231    0.2897    2.4816   24.0000    3.0000    0.0339    0.0318
    0.3981    0.2765    2.4100   24.0000    4.0000    0.3573    0.3196
    0.3669    0.2600    2.3179   24.0000    5.0000    0.6724    0.5711
    0.2821    0.1974    1.9708   24.0000    6.0000    1.4648    1.0025
    0.2735    0.1859    1.8443   24.0000    7.0000    1.6078    0.8882
    0.2662    0.1830    1.7414   24.0000    8.0000    1.7415    0.8773
    0.2701    0.1864    1.5625   24.0000    9.0000    1.8959    0.6732
    0.2795    0.1932    1.4301   24.0000   10.0000    1.9360    0.4917
    0.2816    0.1940    1.4180   24.0000   11.0000    1.9360    0.4813
    0.2863    0.1957    1.3986   24.0000   12.0000    1.9360    0.4560
    0.3076    0.2121    1.2914   24.0000   13.0000    1.9360    0.1147
    0.3161    0.2232    1.2452   24.0000   14.0000    1.9360         0
    0.3283    0.2339    1.2212   24.0000   15.0000    1.9360         0
    0.3446    0.2455    1.2066   24.0000   16.0000    1.9360         0
    0.3713    0.2812    1.2499   24.0000   17.0000    1.9360         0
    0.3880    0.2938    1.2691   24.0000   18.0000    1.9360   -0.1070
    0.4440    0.3007    2.5436   24.0000   19.0000         0         0
    0.4430    0.2998    2.5248   24.0000   20.0000         0         0
    0.4432    0.3000    2.5215   24.0000   21.0000         0         0
    0.4444    0.3015    2.5187   24.0000   22.0000         0         0
    0.4201    0.2879    2.4728   24.0000   23.0000    0.0731    0.0637
    0.4157    0.2848    2.4603   24.0000   24.0000    0.1233    0.0893
    0.4117    0.2819    2.4525   24.0000   25.0000    0.1599    0.0924
    0.2736    0.1927    1.9374   24.0000   26.0000    1.5309    1.0115
    0.2628    0.1866    1.8942   24.0000   27.0000    1.6163    1.0147
    0.2300    0.1604    1.7048   24.0000   28.0000    1.9360    0.8996
    0.2141    0.1470    1.6323   24.0000   29.0000    1.9360    0.8704
    0.2071    0.1434    1.6064   24.0000   30.0000    1.9360    0.8524
    0.2225    0.1580    1.5679   24.0000   31.0000    1.9360    0.5472
    0.2288    0.1651    1.5610   24.0000   32.0000    1.9360    0.4146
    0.2380    0.1786    1.5611   24.0000   33.0000    1.9360    0.1931
    0.4412    0.2986    2.5411   25.0000    2.0000         0         0
    0.4200    0.2874    2.4764   25.0000    3.0000    0.0334    0.0313
    0.3950    0.2742    2.4049   25.0000    4.0000    0.3568    0.3192
    0.3639    0.2577    2.3127   25.0000    5.0000    0.6719    0.5707
    0.2791    0.1951    1.9657   25.0000    6.0000    1.4643    1.0022
    0.2705    0.1836    1.8393   25.0000    7.0000    1.6073    0.8879
    0.2632    0.1806    1.7363   25.0000    8.0000    1.7409    0.8770
    0.2671    0.1841    1.5575   25.0000    9.0000    1.8953    0.6730
    0.2765    0.1909    1.4250   25.0000   10.0000    1.9360    0.4912
    0.2786    0.1917    1.4128   25.0000   11.0000    1.9360    0.4808
    0.2833    0.1933    1.3935   25.0000   12.0000    1.9360    0.4555
    0.3046    0.2098    1.2862   25.0000   13.0000    1.9360    0.1142
    0.3131    0.2209    1.2401   25.0000   14.0000    1.9360         0
    0.3253    0.2315    1.2160   25.0000   15.0000    1.9360         0
    0.3416    0.2432    1.2014   25.0000   16.0000    1.9360         0
    0.3683    0.2788    1.2448   25.0000   17.0000    1.9360         0
    0.3850    0.2915    1.2640   25.0000   18.0000    1.9360   -0.1075
    0.4409    0.2983    2.5384   25.0000   19.0000         0         0
    0.4399    0.2974    2.5196   25.0000   20.0000         0         0
    0.4401    0.2976    2.5162   25.0000   21.0000         0         0
    0.4413    0.2991    2.5135   25.0000   22.0000         0         0
    0.4171    0.2855    2.4677   25.0000   23.0000    0.0721    0.0629
    0.4128    0.2825    2.4553   25.0000   24.0000    0.1215    0.0880
    0.4190    0.2866    2.4601   25.0000   25.0000    0.0133    0.0077
    0.2706    0.1903    1.9324   25.0000   26.0000    1.5304    1.0112
    0.2598    0.1843    1.8892   25.0000   27.0000    1.6158    1.0144
    0.2270    0.1581    1.6996   25.0000   28.0000    1.9360    0.8991
    0.2111    0.1447    1.6272   25.0000   29.0000    1.9360    0.8699
    0.2041    0.1410    1.6013   25.0000   30.0000    1.9360    0.8518
    0.2194    0.1556    1.5627   25.0000   31.0000    1.9360    0.5467
    0.2258    0.1627    1.5559   25.0000   32.0000    1.9360    0.4141
    0.2349    0.1763    1.5559   25.0000   33.0000    1.9360    0.1926
    0.3922    0.2665    2.3489   26.0000    2.0000         0         0
    0.3718    0.2558    2.2854   26.0000    3.0000    0.0258    0.0242
    0.3523    0.2455    2.2209   26.0000    4.0000    0.2872    0.2571
    0.3286    0.2329    2.1407   26.0000    5.0000    0.5384    0.4580
    0.2627    0.1847    1.8489   26.0000    6.0000    1.1810    0.8127
    0.2533    0.1716    1.7373   26.0000    7.0000    1.3226    0.7357
    0.2429    0.1671    1.6389   26.0000    8.0000    1.4551    0.7374
    0.2402    0.1658    1.4716   26.0000    9.0000    1.6081    0.5728
    0.2453    0.1700    1.3188   26.0000   10.0000    1.7336    0.3660
    0.2470    0.1708    1.3027   26.0000   11.0000    1.7460    0.3482
    0.2508    0.1723    1.2778   26.0000   12.0000    1.7629    0.3133
    0.2717    0.1883    1.1475   26.0000   13.0000    1.8376         0
    0.2812    0.1997    1.0927   26.0000   14.0000    1.8648         0
    0.2904    0.2078    1.0752   26.0000   15.0000    1.8466         0
    0.3002    0.2144    1.0749   26.0000   16.0000    1.8054         0
    0.3129    0.2358    1.1418   26.0000   17.0000    1.7234         0
    0.3171    0.2378    1.1710   26.0000   18.0000    1.6529         0
    0.3919    0.2662    2.3462   26.0000   19.0000         0         0
    0.3909    0.2654    2.3274   26.0000   20.0000         0         0
    0.3911    0.2656    2.3241   26.0000   21.0000         0         0
    0.3923    0.2671    2.3213   26.0000   22.0000         0         0
    0.3639    0.2509    2.2714   26.0000   23.0000    0.1386    0.1209
    0.3488    0.2404    2.2461   26.0000   24.0000    0.3376    0.2437
    0.3447    0.2375    2.2373   26.0000   25.0000    0.3744    0.2156
    0.2576    0.1819    1.8257   26.0000   26.0000    1.2148    0.8076
    0.2468    0.1758    1.7853   26.0000   27.0000    1.2993    0.8207
    0.2095    0.1467    1.5860   26.0000   28.0000    1.7011    0.7219
    0.1921    0.1328    1.4538   26.0000   29.0000    1.9360    0.5677
    0.1854    0.1293    1.4283   26.0000   30.0000    1.9360    0.5501
    0.2001    0.1434    1.3898   26.0000   31.0000    1.9360    0.2472
    0.2062    0.1503    1.3829   26.0000   32.0000    1.9360    0.1155
    0.2149    0.1634    1.3827   26.0000   33.0000    1.9360         0
    0.3875    0.2640    2.3365   27.0000    2.0000         0         0
    0.3671    0.2533    2.2730   27.0000    3.0000    0.0251    0.0235
    0.3477    0.2430    2.2087   27.0000    4.0000    0.2861    0.2561
    0.3241    0.2305    2.1286   27.0000    5.0000    0.5368    0.4567
    0.2585    0.1825    1.8375   27.0000    6.0000    1.1784    0.8110
    0.2492    0.1693    1.7261   27.0000    7.0000    1.3200    0.7344
    0.2387    0.1649    1.6276   27.0000    8.0000    1.4524    0.7362
    0.2359    0.1636    1.4605   27.0000    9.0000    1.6054    0.5720
    0.2411    0.1677    1.3078   27.0000   10.0000    1.7310    0.3655
    0.2427    0.1685    1.2918   27.0000   11.0000    1.7433    0.3478
    0.2465    0.1700    1.2668   27.0000   12.0000    1.7602    0.3129
    0.2673    0.1860    1.1366   27.0000   13.0000    1.8349         0
    0.2768    0.1973    1.0818   27.0000   14.0000    1.8621         0
    0.2859    0.2053    1.0643   27.0000   15.0000    1.8439         0
    0.2957    0.2119    1.0639   27.0000   16.0000    1.8027         0
    0.3083    0.2333    1.1307   27.0000   17.0000    1.7207         0
    0.3125    0.2352    1.1599   27.0000   18.0000    1.6503         0
    0.3872    0.2637    2.3337   27.0000   19.0000         0         0
    0.3862    0.2628    2.3150   27.0000   20.0000         0         0
    0.3864    0.2631    2.3116   27.0000   21.0000         0         0
    0.3876    0.2646    2.3088   27.0000   22.0000         0         0
    0.3592    0.2484    2.2591   27.0000   23.0000    0.1379    0.1203
    0.3442    0.2380    2.2338   27.0000   24.0000    0.3368    0.2432
    0.3401    0.2350    2.2250   27.0000   25.0000    0.3737    0.2152
    0.2535    0.1797    1.8144   27.0000   26.0000    1.2119    0.8059
    0.2473    0.1762    1.7857   27.0000   27.0000    1.2522    0.7919
    0.2096    0.1467    1.5884   27.0000   28.0000    1.6534    0.7027
    0.1917    0.1325    1.4455   27.0000   29.0000    1.9303    0.5269
    0.1850    0.1291    1.4185   27.0000   30.0000    1.9360    0.5056
    0.1996    0.1431    1.3800   27.0000   31.0000    1.9360    0.2030
    0.2057    0.1500    1.3731   27.0000   32.0000    1.9360    0.0714
    0.2144    0.1631    1.3729   27.0000   33.0000    1.9360         0
    0.3706    0.2498    2.2906   28.0000    2.0000         0         0
    0.3505    0.2393    2.2275   28.0000    3.0000    0.0223    0.0209
    0.3314    0.2292    2.1636   28.0000    4.0000    0.2816    0.2521
    0.3081    0.2170    2.0841   28.0000    5.0000    0.5306    0.4514
    0.2437    0.1698    1.7958   28.0000    6.0000    1.1677    0.8041
    0.2345    0.1567    1.6850   28.0000    7.0000    1.3093    0.7289
    0.2239    0.1523    1.5868   28.0000    8.0000    1.4417    0.7313
    0.2210    0.1508    1.4202   28.0000    9.0000    1.5946    0.5686
    0.2260    0.1549    1.2680   28.0000   10.0000    1.7201    0.3636
    0.2276    0.1556    1.2519   28.0000   11.0000    1.7324    0.3459
    0.2313    0.1571    1.2270   28.0000   12.0000    1.7493    0.3112
    0.2517    0.1728    1.0970   28.0000   13.0000    1.8241         0
    0.2611    0.1839    1.0422   28.0000   14.0000    1.8512         0
    0.2701    0.1919    1.0247   28.0000   15.0000    1.8330         0
    0.2797    0.1984    1.0243   28.0000   16.0000    1.7919         0
    0.2921    0.2194    1.0903   28.0000   17.0000    1.7099         0
    0.2962    0.2212    1.1193   28.0000   18.0000    1.6394         0
    0.3703    0.2496    2.2879   28.0000   19.0000         0         0
    0.3693    0.2487    2.2691   28.0000   20.0000         0         0
    0.3695    0.2489    2.2658   28.0000   21.0000         0         0
    0.3707    0.2504    2.2630   28.0000   22.0000         0         0
    0.3426    0.2344    2.2136   28.0000   23.0000    0.1351    0.1178
    0.3277    0.2240    2.1884   28.0000   24.0000    0.3340    0.2412
    0.3236    0.2211    2.1796   28.0000   25.0000    0.3709    0.2136
    0.2389    0.1672    1.7731   28.0000   26.0000    1.2004    0.7988
    0.2330    0.1639    1.7450   28.0000   27.0000    1.2395    0.7846
    0.2116    0.1473    1.6043   28.0000   28.0000    1.4567    0.6239
    0.1908    0.1312    1.4654   28.0000   29.0000    1.7320    0.4765
    0.1836    0.1278    1.4144   28.0000   30.0000    1.8271    0.4008
    0.1973    0.1410    1.3611   28.0000   31.0000    1.8818    0.0690
    0.2029    0.1472    1.3544   28.0000   32.0000    1.8806         0
    0.2096    0.1579    1.3629   28.0000   33.0000    1.8478         0
    0.3588    0.2401    2.2605   29.0000    2.0000         0         0
    0.3389    0.2296    2.1977   29.0000    3.0000    0.0203    0.0191
    0.3200    0.2197    2.1341   29.0000    4.0000    0.2784    0.2493
    0.2970    0.2076    2.0550   29.0000    5.0000    0.5262    0.4478
    0.2334    0.1611    1.7685   29.0000    6.0000    1.1602    0.7993
    0.2242    0.1480    1.6582   29.0000    7.0000    1.3018    0.7252
    0.2136    0.1435    1.5602   29.0000    8.0000    1.4341    0.7278
    0.2106    0.1420    1.3940   29.0000    9.0000    1.5871    0.5663
    0.2154    0.1460    1.2420   29.0000   10.0000    1.7125    0.3622
    0.2170    0.1467    1.2260   29.0000   11.0000    1.7249    0.3446
    0.2206    0.1482    1.2010   29.0000   12.0000    1.7418    0.3100
    0.2408    0.1637    1.0712   29.0000   13.0000    1.8165         0
    0.2501    0.1747    1.0165   29.0000   14.0000    1.8437         0
    0.2590    0.1825    0.9990   29.0000   15.0000    1.8254         0
    0.2685    0.1890    0.9986   29.0000   16.0000    1.7843         0
    0.2807    0.2098    1.0640   29.0000   17.0000    1.7023         0
    0.2848    0.2116    1.0929   29.0000   18.0000    1.6319         0
    0.3585    0.2398    2.2578   29.0000   19.0000         0         0
    0.3575    0.2389    2.2390   29.0000   20.0000         0         0
    0.3577    0.2391    2.2357   29.0000   21.0000         0         0
    0.3589    0.2406    2.2329   29.0000   22.0000         0         0
    0.3310    0.2247    2.1838   29.0000   23.0000    0.1332    0.1161
    0.3161    0.2144    2.1586   29.0000   24.0000    0.3320    0.2398
    0.3120    0.2115    2.1498   29.0000   25.0000    0.3689    0.2124
    0.2287    0.1585    1.7462   29.0000   26.0000    1.1924    0.7938
    0.2229    0.1553    1.7184   29.0000   27.0000    1.2306    0.7795
    0.2023    0.1394    1.5799   29.0000   28.0000    1.4442    0.6196
    0.1918    0.1313    1.4853   29.0000   29.0000    1.5822    0.4391
    0.1834    0.1272    1.4349   29.0000   30.0000    1.6769    0.3709
    0.1936    0.1372    1.3822   29.0000   31.0000    1.7315    0.0635
    0.1981    0.1423    1.3754   29.0000   32.0000    1.7303         0
    0.2041    0.1516    1.3836   29.0000   33.0000    1.6976         0
    0.3529    0.2369    2.2468   30.0000    2.0000         0         0
    0.3331    0.2265    2.1840   30.0000    3.0000    0.0195    0.0182
    0.3143    0.2166    2.1206   30.0000    4.0000    0.2770    0.2480
    0.2914    0.2046    2.0418   30.0000    5.0000    0.5243    0.4461
    0.2282    0.1583    1.7561   30.0000    6.0000    1.1570    0.7972
    0.2190    0.1452    1.6459   30.0000    7.0000    1.2985    0.7235
    0.2084    0.1408    1.5480   30.0000    8.0000    1.4309    0.7263
    0.2054    0.1392    1.3819   30.0000    9.0000    1.5838    0.5653
    0.2101    0.1431    1.2301   30.0000   10.0000    1.7092    0.3616
    0.2116    0.1438    1.2140   30.0000   11.0000    1.7216    0.3440
    0.2152    0.1453    1.1891   30.0000   12.0000    1.7385    0.3095
    0.2353    0.1607    1.0593   30.0000   13.0000    1.8132         0
    0.2446    0.1717    1.0047   30.0000   14.0000    1.8404         0
    0.2534    0.1795    0.9872   30.0000   15.0000    1.8221         0
    0.2629    0.1859    0.9868   30.0000   16.0000    1.7810         0
    0.2751    0.2066    1.0519   30.0000   17.0000    1.6991         0
    0.2791    0.2084    1.0808   30.0000   18.0000    1.6286         0
    0.3526    0.2366    2.2441   30.0000   19.0000         0         0
    0.3517    0.2357    2.2253   30.0000   20.0000         0         0
    0.3519    0.2360    2.2220   30.0000   21.0000         0         0
    0.3530    0.2375    2.2192   30.0000   22.0000         0         0
    0.3253    0.2217    2.1702   30.0000   23.0000    0.1323    0.1154
    0.3103    0.2113    2.1450   30.0000   24.0000    0.3312    0.2392
    0.3062    0.2084    2.1363   30.0000   25.0000    0.3680    0.2119
    0.2235    0.1558    1.7338   30.0000   26.0000    1.1889    0.7917
    0.2179    0.1526    1.7063   30.0000   27.0000    1.2268    0.7772
    0.1975    0.1369    1.5686   30.0000   28.0000    1.4388    0.6176
    0.1872    0.1289    1.4747   30.0000   29.0000    1.5757    0.4379
    0.1846    0.1276    1.4493   30.0000   30.0000    1.5926    0.3539
    0.1930    0.1359    1.3970   30.0000   31.0000    1.6471    0.0604
    0.1971    0.1404    1.3902   30.0000   32.0000    1.6459         0
    0.2026    0.1490    1.3982   30.0000   33.0000    1.6133         0
    0.3483    0.2327    2.2266   31.0000    2.0000         0         0
    0.3286    0.2223    2.1639   31.0000    3.0000    0.0187    0.0175
    0.3098    0.2125    2.1006   31.0000    4.0000    0.2758    0.2469
    0.2871    0.2005    2.0220   31.0000    5.0000    0.5225    0.4447
    0.2241    0.1545    1.7372   31.0000    6.0000    1.1540    0.7953
    0.2150    0.1414    1.6272   31.0000    7.0000    1.2955    0.7220
    0.2044    0.1370    1.5294   31.0000    8.0000    1.4278    0.7249
    0.2013    0.1354    1.3635   31.0000    9.0000    1.5807    0.5643
    0.2060    0.1392    1.2118   31.0000   10.0000    1.7062    0.3610
    0.2075    0.1399    1.1957   31.0000   11.0000    1.7185    0.3435
    0.2111    0.1414    1.1708   31.0000   12.0000    1.7354    0.3090
    0.2311    0.1567    1.0411   31.0000   13.0000    1.8101         0
    0.2403    0.1677    0.9865   31.0000   14.0000    1.8373         0
    0.2491    0.1755    0.9690   31.0000   15.0000    1.8191         0
    0.2585    0.1818    0.9685   31.0000   16.0000    1.7779         0
    0.2706    0.2025    1.0334   31.0000   17.0000    1.6960         0
    0.2746    0.2042    1.0623   31.0000   18.0000    1.6256         0
    0.3480    0.2324    2.2238   31.0000   19.0000         0         0
    0.3470    0.2315    2.2051   31.0000   20.0000         0         0
    0.3473    0.2317    2.2017   31.0000   21.0000         0         0
    0.3484    0.2332    2.1989   31.0000   22.0000         0         0
    0.3207    0.2175    2.1501   31.0000   23.0000    0.1315    0.1147
    0.3058    0.2071    2.1249   31.0000   24.0000    0.3304    0.2386
    0.3017    0.2042    2.1162   31.0000   25.0000    0.3672    0.2115
    0.2196    0.1520    1.7151   31.0000   26.0000    1.1856    0.7896
    0.2139    0.1489    1.6877   31.0000   27.0000    1.2232    0.7751
    0.1939    0.1334    1.5510   31.0000   28.0000    1.4337    0.6159
    0.1837    0.1256    1.4579   31.0000   29.0000    1.5695    0.4368
    0.1812    0.1243    1.4328   31.0000   30.0000    1.5859    0.3531
    0.1981    0.1399    1.4358   31.0000   31.0000    1.4741    0.0550
    0.2012    0.1434    1.4290   31.0000   32.0000    1.4730         0
    0.2061    0.1505    1.4367   31.0000   33.0000    1.4405         0
    0.3479    0.2322    2.2224   32.0000    2.0000         0         0
    0.3281    0.2218    2.1598   32.0000    3.0000    0.0186    0.0174
    0.3094    0.2120    2.0966   32.0000    4.0000    0.2756    0.2468
    0.2866    0.2001    2.0180   32.0000    5.0000    0.5223    0.4445
    0.2237    0.1541    1.7332   32.0000    6.0000    1.1537    0.7951
    0.2146    0.1410    1.6233   32.0000    7.0000    1.2952    0.7218
    0.2040    0.1365    1.5255   32.0000    8.0000    1.4275    0.7248
    0.2009    0.1350    1.3596   32.0000    9.0000    1.5804    0.5642
    0.2056    0.1388    1.2079   32.0000   10.0000    1.7058    0.3610
    0.2071    0.1395    1.1919   32.0000   11.0000    1.7182    0.3435
    0.2107    0.1410    1.1670   32.0000   12.0000    1.7351    0.3090
    0.2306    0.1563    1.0372   32.0000   13.0000    1.8098         0
    0.2399    0.1672    0.9826   32.0000   14.0000    1.8369         0
    0.2487    0.1750    0.9651   32.0000   15.0000    1.8187         0
    0.2580    0.1813    0.9647   32.0000   16.0000    1.7776         0
    0.2702    0.2020    1.0295   32.0000   17.0000    1.6957         0
    0.2742    0.2037    1.0584   32.0000   18.0000    1.6252         0
    0.3476    0.2319    2.2197   32.0000   19.0000         0         0
    0.3466    0.2310    2.2010   32.0000   20.0000         0         0
    0.3468    0.2312    2.1976   32.0000   21.0000         0         0
    0.3479    0.2327    2.1948   32.0000   22.0000         0         0
    0.3203    0.2170    2.1460   32.0000   23.0000    0.1314    0.1146
    0.3053    0.2066    2.1208   32.0000   24.0000    0.3303    0.2385
    0.3013    0.2037    2.1121   32.0000   25.0000    0.3671    0.2114
    0.2192    0.1516    1.7111   32.0000   26.0000    1.1853    0.7894
    0.2136    0.1485    1.6838   32.0000   27.0000    1.2228    0.7749
    0.1935    0.1330    1.5473   32.0000   28.0000    1.4332    0.6157
    0.1834    0.1252    1.4543   32.0000   29.0000    1.5689    0.4366
    0.1809    0.1240    1.4293   32.0000   30.0000    1.5852    0.3530
    0.1978    0.1395    1.4323   32.0000   31.0000    1.4733    0.0551
    0.2036    0.1457    1.4438   32.0000   32.0000    1.4178         0
    0.2083    0.1524    1.4514   32.0000   33.0000    1.3854         0
    0.3489    0.2336    2.2211   33.0000    2.0000         0         0
    0.3292    0.2232    2.1585   33.0000    3.0000    0.0188    0.0176
    0.3104    0.2134    2.0952   33.0000    4.0000    0.2760    0.2471
    0.2877    0.2014    2.0165   33.0000    5.0000    0.5228    0.4449
    0.2246    0.1554    1.7317   33.0000    6.0000    1.1545    0.7956
    0.2155    0.1423    1.6217   33.0000    7.0000    1.2960    0.7222
    0.2049    0.1378    1.5239   33.0000    8.0000    1.4283    0.7252
    0.2018    0.1363    1.3580   33.0000    9.0000    1.5812    0.5645
    0.2065    0.1401    1.2062   33.0000   10.0000    1.7067    0.3611
    0.2080    0.1408    1.1902   33.0000   11.0000    1.7190    0.3436
    0.2116    0.1423    1.1653   33.0000   12.0000    1.7359    0.3091
    0.2316    0.1576    1.0355   33.0000   13.0000    1.8106         0
    0.2408    0.1685    0.9809   33.0000   14.0000    1.8378         0
    0.2497    0.1764    0.9634   33.0000   15.0000    1.8196         0
    0.2591    0.1827    0.9629   33.0000   16.0000    1.7784         0
    0.2712    0.2034    1.0279   33.0000   17.0000    1.6965         0
    0.2752    0.2051    1.0567   33.0000   18.0000    1.6261         0
    0.3486    0.2333    2.2183   33.0000   19.0000         0         0
    0.3477    0.2324    2.1996   33.0000   20.0000         0         0
    0.3479    0.2327    2.1962   33.0000   21.0000         0         0
    0.3490    0.2342    2.1935   33.0000   22.0000         0         0
    0.3213    0.2184    2.1446   33.0000   23.0000    0.1316    0.1148
    0.3064    0.2081    2.1194   33.0000   24.0000    0.3305    0.2387
    0.3023    0.2051    2.1107   33.0000   25.0000    0.3673    0.2116
    0.2201    0.1528    1.7095   33.0000   26.0000    1.1862    0.7900
    0.2144    0.1497    1.6822   33.0000   27.0000    1.2238    0.7755
    0.1944    0.1342    1.5455   33.0000   28.0000    1.4346    0.6162
    0.1841    0.1263    1.4524   33.0000   29.0000    1.5706    0.4369
    0.1816    0.1251    1.4273   33.0000   30.0000    1.5871    0.3532
    0.1985    0.1407    1.4302   33.0000   31.0000    1.4755    0.0549
    0.2043    0.1468    1.4416   33.0000   32.0000    1.4202         0
    0.2120    0.1572    1.4710   33.0000   33.0000    1.3237         0