    0.9644    0.6465    3.7196    2.0000    2.0000         0         0
    0.9151    0.6201    3.6315    2.0000    3.0000    0.4634    0.4331
    0.8624    0.5918    3.5287    2.0000    4.0000    0.9464    0.8424
    0.7977    0.5569    3.3919    2.0000    5.0000    1.4198    1.1949
    0.6649    0.4556    3.0011    2.0000    6.0000    1.9360    1.9360
    0.6575    0.4408    2.8829    2.0000    7.0000    1.9360    1.8888
    0.6477    0.4367    2.8110    2.0000    8.0000    1.9360    1.9360
    0.6452    0.4348    2.6669    2.0000    9.0000    1.9360    1.9360
    0.6468    0.4359    2.5410    2.0000   10.0000    1.9360    1.9360
    0.6478    0.4362    2.5284    2.0000   11.0000    1.9360    1.9360
    0.6509    0.4374    2.5085    2.0000   12.0000    1.9360    1.9360
    0.6683    0.4507    2.3964    2.0000   13.0000    1.9360    1.7204
    0.6766    0.4607    2.3481    2.0000   14.0000    1.9360    1.5228
    0.6901    0.4722    2.3244    2.0000   15.0000    1.9360    1.3547
    0.7085    0.4853    2.3112    2.0000   16.0000    1.9360    1.1697
    0.7402    0.5248    2.2947    2.0000   17.0000    1.9360    0.5527
    0.7601    0.5397    2.3036    2.0000   18.0000    1.9360    0.3336
    0.9639    0.6460    3.7172    2.0000   19.0000         0         0
    0.9610    0.6434    3.7009    2.0000   20.0000         0         0
    0.9608    0.6431    3.6980    2.0000   21.0000         0         0
    0.9613    0.6438    3.6956    2.0000   22.0000         0         0
    0.8993    0.6105    3.6094    2.0000   23.0000    0.6473    0.5623
    0.8721    0.5924    3.5678    2.0000   24.0000    0.9785    0.7011
    0.8666    0.5890    3.5505    2.0000   25.0000    1.0883    0.6205
    0.6533    0.4492    2.9779    2.0000   26.0000    1.9360    1.9360
    0.6381    0.4409    2.9488    2.0000   27.0000    1.9360    1.9360
    0.5839    0.3959    2.8154    2.0000   28.0000    1.9360    1.9360
    0.5476    0.3660    2.7297    2.0000   29.0000    1.9360    1.9360
    0.5299    0.3565    2.6980    2.0000   30.0000    1.9360    1.9360
    0.5432    0.3687    2.6571    2.0000   31.0000    1.9360    1.9360
    0.5500    0.3759    2.6502    2.0000   32.0000    1.9360    1.9360
    0.5612    0.3912    2.6514    2.0000   33.0000    1.9360    1.8310
    0.9377    0.6322    3.6693    3.0000    2.0000         0         0
    0.8926    0.6080    3.5850    3.0000    3.0000    0.4111    0.3843
    0.8410    0.5803    3.4844    3.0000    4.0000    0.8931    0.7950
    0.7773    0.5459    3.3498    3.0000    5.0000    1.3654    1.1494
    0.6426    0.4437    2.9531    3.0000    6.0000    1.9360    1.8881
    0.6352    0.4290    2.8351    3.0000    7.0000    1.9360    1.8335
    0.6256    0.4249    2.7635    3.0000    8.0000    1.9360    1.9360
    0.6230    0.4231    2.6197    3.0000    9.0000    1.9360    1.9360
    0.6246    0.4242    2.4939    3.0000   10.0000    1.9360    1.8923
    0.6256    0.4245    2.4814    3.0000   11.0000    1.9360    1.8984
    0.6287    0.4257    2.4615    3.0000   12.0000    1.9360    1.9024
    0.6460    0.4389    2.3496    3.0000   13.0000    1.9360    1.6651
    0.6542    0.4488    2.3013    3.0000   14.0000    1.9360    1.4678
    0.6677    0.4603    2.2777    3.0000   15.0000    1.9360    1.2999
    0.6859    0.4733    2.2644    3.0000   16.0000    1.9360    1.1151
    0.7173    0.5126    2.2478    3.0000   17.0000    1.9360    0.4987
    0.7371    0.5274    2.2565    3.0000   18.0000    1.9360    0.2798
    0.9372    0.6317    3.6669    3.0000   19.0000         0         0
    0.9343    0.6291    3.6507    3.0000   20.0000         0         0
    0.9341    0.6288    3.6477    3.0000   21.0000         0         0
    0.9346    0.6295    3.6453    3.0000   22.0000         0         0
    0.8770    0.5985    3.5633    3.0000   23.0000    0.5947    0.5167
    0.8497    0.5803    3.5222    3.0000   24.0000    0.9253    0.6632
    0.8436    0.5765    3.5051    3.0000   25.0000    1.0349    0.5903
    0.6311    0.4374    2.9300    3.0000   26.0000    1.9360    1.9360
    0.6160    0.4291    2.9009    3.0000   27.0000    1.9360    1.9360
    0.5623    0.3845    2.7680    3.0000   28.0000    1.9360    1.9360
    0.5262    0.3548    2.6826    3.0000   29.0000    1.9360    1.9360
    0.5087    0.3454    2.6509    3.0000   30.0000    1.9360    1.9360
    0.5219    0.3575    2.6101    3.0000   31.0000    1.9360    1.9360
    0.5286    0.3647    2.6031    3.0000   32.0000    1.9360    1.9360
    0.5398    0.3799    2.6043    3.0000   33.0000    1.9360    1.7760
    0.9227    0.6240    3.6359    4.0000    2.0000         0         0
    0.8779    0.6000    3.5519    4.0000    3.0000    0.4089    0.3822
    0.8301    0.5743    3.4556    4.0000    4.0000    0.8528    0.7593
    0.7671    0.5403    3.3228    4.0000    5.0000    1.3243    1.1151
    0.6308    0.4374    2.9216    4.0000    6.0000    1.9360    1.8464
    0.6235    0.4228    2.8038    4.0000    7.0000    1.9360    1.7918
    0.6139    0.4187    2.7323    4.0000    8.0000    1.9360    1.9256
    0.6115    0.4169    2.5887    4.0000    9.0000    1.9360    1.9044
    0.6130    0.4180    2.4632    4.0000   10.0000    1.9360    1.8505
    0.6140    0.4183    2.4507    4.0000   11.0000    1.9360    1.8566
    0.6171    0.4194    2.4308    4.0000   12.0000    1.9360    1.8605
    0.6343    0.4326    2.3190    4.0000   13.0000    1.9360    1.6235
    0.6425    0.4425    2.2708    4.0000   14.0000    1.9360    1.4264
    0.6559    0.4539    2.2471    4.0000   15.0000    1.9360    1.2586
    0.6740    0.4669    2.2338    4.0000   16.0000    1.9360    1.0739
    0.7052    0.5060    2.2171    4.0000   17.0000    1.9360    0.4581
    0.7249    0.5207    2.2258    4.0000   18.0000    1.9360    0.2393
    0.9222    0.6235    3.6335    4.0000   19.0000         0         0
    0.9193    0.6210    3.6173    4.0000   20.0000         0         0
    0.9191    0.6207    3.6144    4.0000   21.0000         0         0
    0.9196    0.6214    3.6119    4.0000   22.0000         0         0
    0.8623    0.5906    3.5303    4.0000   23.0000    0.5924    0.5148
    0.8350    0.5724    3.4893    4.0000   24.0000    0.9230    0.6616
    0.8290    0.5686    3.4722    4.0000   25.0000    1.0326    0.5890
    0.6194    0.4311    2.8985    4.0000   26.0000    1.9360    1.9036
    0.6044    0.4229    2.8695    4.0000   27.0000    1.9360    1.9360
    0.5510    0.3785    2.7370    4.0000   28.0000    1.9360    1.9360
    0.5152    0.3490    2.6517    4.0000   29.0000    1.9360    1.9360
    0.4978    0.3396    2.6202    4.0000   30.0000    1.9360    1.9360
    0.5109    0.3517    2.5794    4.0000   31.0000    1.9360    1.9360
    0.5176    0.3588    2.5724    4.0000   32.0000    1.9360    1.9360
    0.5287    0.3740    2.5736    4.0000   33.0000    1.9360    1.7345
    0.9075    0.6157    3.6016    5.0000    2.0000         0         0
    0.8629    0.5919    3.5179    5.0000    3.0000    0.4066    0.3801
    0.8155    0.5664    3.4220    5.0000    4.0000    0.8491    0.7561
    0.7569    0.5347    3.2954    5.0000    5.0000    1.2806    1.0786
    0.6190    0.4310    2.8894    5.0000    6.0000    1.9360    1.8021
    0.6118    0.4165    2.7718    5.0000    7.0000    1.9360    1.7476
    0.6023    0.4125    2.7005    5.0000    8.0000    1.9360    1.8812
    0.5998    0.4107    2.5572    5.0000    9.0000    1.9360    1.8600
    0.6014    0.4117    2.4318    5.0000   10.0000    1.9360    1.8061
    0.6024    0.4121    2.4194    5.0000   11.0000    1.9360    1.8122
    0.6054    0.4132    2.3995    5.0000   12.0000    1.9360    1.8161
    0.6226    0.4263    2.2878    5.0000   13.0000    1.9360    1.5793
    0.6307    0.4362    2.2396    5.0000   14.0000    1.9360    1.3824
    0.6440    0.4475    2.2159    5.0000   15.0000    1.9360    1.2148
    0.6620    0.4604    2.2026    5.0000   16.0000    1.9360    1.0302
    0.6930    0.4993    2.1858    5.0000   17.0000    1.9360    0.4149
    0.7126    0.5140    2.1944    5.0000   18.0000    1.9360    0.1962
    0.9070    0.6152    3.5992    5.0000   19.0000         0         0
    0.9041    0.6127    3.5830    5.0000   20.0000         0         0
    0.9039    0.6124    3.5800    5.0000   21.0000         0         0
    0.9044    0.6131    3.5776    5.0000   22.0000         0         0
    0.8474    0.5824    3.4963    5.0000   23.0000    0.5902    0.5128
    0.8202    0.5643    3.4554    5.0000   24.0000    0.9207    0.6599
    0.8141    0.5605    3.4384    5.0000   25.0000    1.0303    0.5877
    0.6077    0.4248    2.8664    5.0000   26.0000    1.9360    1.8592
    0.5928    0.4167    2.8375    5.0000   27.0000    1.9360    1.9289
    0.5398    0.3725    2.7053    5.0000   28.0000    1.9360    1.9360
    0.5042    0.3431    2.6203    5.0000   29.0000    1.9360    1.9360
    0.4869    0.3338    2.5889    5.0000   30.0000    1.9360    1.9360
    0.5000    0.3458    2.5480    5.0000   31.0000    1.9360    1.9360
    0.5066    0.3529    2.5411    5.0000   32.0000    1.9360    1.9095
    0.5176    0.3680    2.5422    5.0000   33.0000    1.9360    1.6906
    0.8732    0.5880    3.5251    6.0000    2.0000         0         0
    0.8294    0.5647    3.4422    6.0000    3.0000    0.4010    0.3748
    0.7829    0.5398    3.3474    6.0000    4.0000    0.8400    0.7482
    0.7255    0.5088    3.2223    6.0000    5.0000    1.2681    1.0685
    0.5933    0.4099    2.8188    6.0000    6.0000    1.9360    1.7013
    0.5863    0.3956    2.7017    6.0000    7.0000    1.9360    1.6470
    0.5769    0.3916    2.6307    6.0000    8.0000    1.9360    1.7801
    0.5745    0.3899    2.4880    6.0000    9.0000    1.9360    1.7590
    0.5761    0.3910    2.3631    6.0000   10.0000    1.9360    1.7052
    0.5770    0.3913    2.3507    6.0000   11.0000    1.9360    1.7112
    0.5800    0.3924    2.3308    6.0000   12.0000    1.9360    1.7151
    0.5970    0.4053    2.2194    6.0000   13.0000    1.9360    1.4788
    0.6049    0.4151    2.1713    6.0000   14.0000    1.9360    1.2824
    0.6180    0.4262    2.1476    6.0000   15.0000    1.9360    1.1150
    0.6358    0.4389    2.1341    6.0000   16.0000    1.9360    0.9307
    0.6664    0.4774    2.1171    6.0000   17.0000    1.9360    0.3165
    0.6857    0.4919    2.1255    6.0000   18.0000    1.9360    0.0981
    0.8726    0.5875    3.5227    6.0000   19.0000         0         0
    0.8698    0.5850    3.5065    6.0000   20.0000         0         0
    0.8695    0.5847    3.5036    6.0000   21.0000         0         0
    0.8701    0.5854    3.5011    6.0000   22.0000         0         0
    0.8140    0.5553    3.4207    6.0000   23.0000    0.5845    0.5079
    0.7868    0.5372    3.3800    6.0000   24.0000    0.9150    0.6559
    0.7807    0.5334    3.3630    6.0000   25.0000    1.0245    0.5845
    0.5822    0.4038    2.7959    6.0000   26.0000    1.9360    1.7583
    0.5675    0.3958    2.7673    6.0000   27.0000    1.9360    1.8278
    0.5154    0.3524    2.6359    6.0000   28.0000    1.9360    1.9360
    0.4803    0.3234    2.5515    6.0000   29.0000    1.9360    1.9360
    0.4633    0.3143    2.5203    6.0000   30.0000    1.9360    1.9360
    0.4761    0.3261    2.4795    6.0000   31.0000    1.9360    1.9275
    0.4827    0.3331    2.4726    6.0000   32.0000    1.9360    1.8091
    0.4935    0.3481    2.4736    6.0000   33.0000    1.9360    1.5906
    0.8683    0.5772    3.5126    7.0000    2.0000         0         0
    0.8246    0.5540    3.4299    7.0000    3.0000    0.3998    0.3737
    0.7783    0.5293    3.3353    7.0000    4.0000    0.8381    0.7465
    0.7212    0.4986    3.2105    7.0000    5.0000    1.2654    1.0663
    0.5896    0.4004    2.8072    7.0000    6.0000    1.9360    1.6970
    0.5836    0.3889    2.6913    7.0000    7.0000    1.9360    1.6231
    0.5743    0.3851    2.6204    7.0000    8.0000    1.9360    1.7561
    0.5719    0.3833    2.4778    7.0000    9.0000    1.9360    1.7349
    0.5735    0.3844    2.3530    7.0000   10.0000    1.9360    1.6812
    0.5744    0.3847    2.3406    7.0000   11.0000    1.9360    1.6872
    0.5774    0.3858    2.3207    7.0000   12.0000    1.9360    1.6911
    0.5943    0.3986    2.2094    7.0000   13.0000    1.9360    1.4548
    0.6022    0.4083    2.1613    7.0000   14.0000    1.9360    1.2586
    0.6153    0.4194    2.1375    7.0000   15.0000    1.9360    1.0912
    0.6330    0.4320    2.1240    7.0000   16.0000    1.9360    0.9070
    0.6635    0.4703    2.1069    7.0000   17.0000    1.9360    0.2930
    0.6827    0.4847    2.1153    7.0000   18.0000    1.9360    0.0746
    0.8677    0.5767    3.5102    7.0000   19.0000         0         0
    0.8648    0.5742    3.4940    7.0000   20.0000         0         0
    0.8646    0.5739    3.4910    7.0000   21.0000         0         0
    0.8651    0.5746    3.4886    7.0000   22.0000         0         0
    0.8092    0.5446    3.4084    7.0000   23.0000    0.5833    0.5069
    0.7821    0.5266    3.3677    7.0000   24.0000    0.9137    0.6550
    0.7760    0.5228    3.3507    7.0000   25.0000    1.0233    0.5838
    0.5784    0.3943    2.7843    7.0000   26.0000    1.9360    1.7540
    0.5638    0.3863    2.7557    7.0000   27.0000    1.9360    1.8235
    0.5117    0.3429    2.6244    7.0000   28.0000    1.9360    1.9360
    0.4767    0.3140    2.5400    7.0000   29.0000    1.9360    1.9360
    0.4596    0.3048    2.5088    7.0000   30.0000    1.9360    1.9360
    0.4724    0.3167    2.4680    7.0000   31.0000    1.9360    1.9232
    0.4790    0.3237    2.4611    7.0000   32.0000    1.9360    1.8048
    0.4898    0.3386    2.4621    7.0000   33.0000    1.9360    1.5864
    0.8567    0.5724    3.4789    8.0000    2.0000         0         0
    0.8133    0.5493    3.3965    8.0000    3.0000    0.3982    0.3722
    0.7673    0.5247    3.3023    8.0000    4.0000    0.8355    0.7442
    0.7105    0.4942    3.1781    8.0000    5.0000    1.2618    1.0634
    0.5794    0.3963    2.7753    8.0000    6.0000    1.9360    1.6915
    0.5738    0.3851    2.6599    8.0000    7.0000    1.9360    1.6171
    0.5681    0.3826    2.5908    8.0000    8.0000    1.9360    1.6769
    0.5657    0.3809    2.4486    8.0000    9.0000    1.9360    1.6557
    0.5673    0.3819    2.3242    8.0000   10.0000    1.9360    1.6021
    0.5683    0.3823    2.3118    8.0000   11.0000    1.9360    1.6081
    0.5712    0.3833    2.2920    8.0000   12.0000    1.9360    1.6119
    0.5879    0.3960    2.1809    8.0000   13.0000    1.9360    1.3760
    0.5957    0.4057    2.1329    8.0000   14.0000    1.9360    1.1801
    0.6087    0.4167    2.1091    8.0000   15.0000    1.9360    1.0129
    0.6262    0.4292    2.0955    8.0000   16.0000    1.9360    0.8289
    0.6564    0.4673    2.0782    8.0000   17.0000    1.9360    0.2159
    0.6754    0.4815    2.0864    8.0000   18.0000    1.9360         0
    0.8562    0.5719    3.4766    8.0000   19.0000         0         0
    0.8533    0.5693    3.4603    8.0000   20.0000         0         0
    0.8531    0.5691    3.4574    8.0000   21.0000         0         0
    0.8536    0.5698    3.4550    8.0000   22.0000         0         0
    0.7979    0.5399    3.3751    8.0000   23.0000    0.5816    0.5055
    0.7709    0.5219    3.3344    8.0000   24.0000    0.9121    0.6539
    0.7648    0.5181    3.3175    8.0000   25.0000    1.0216    0.5829
    0.5683    0.3902    2.7525    8.0000   26.0000    1.9360    1.7485
    0.5537    0.3822    2.7238    8.0000   27.0000    1.9360    1.8180
    0.5017    0.3389    2.5927    8.0000   28.0000    1.9360    1.9360
    0.4667    0.3100    2.5083    8.0000   29.0000    1.9360    1.9360
    0.4496    0.3009    2.4772    8.0000   30.0000    1.9360    1.9360
    0.4625    0.3127    2.4364    8.0000   31.0000    1.9360    1.9178
    0.4690    0.3197    2.4294    8.0000   32.0000    1.9360    1.7994
    0.4799    0.3346    2.4304    8.0000   33.0000    1.9360    1.5810
    0.8434    0.5630    3.4335    9.0000    2.0000         0         0
    0.8002    0.5400    3.3514    9.0000    3.0000    0.3960    0.3702
    0.7546    0.5157    3.2577    9.0000    4.0000    0.8321    0.7412
    0.6983    0.4854    3.1342    9.0000    5.0000    1.2571    1.0595
    0.5680    0.3881    2.7323    9.0000    6.0000    1.9360    1.6844
    0.5627    0.3773    2.6175    9.0000    7.0000    1.9360    1.6089
    0.5574    0.3750    2.5489    9.0000    8.0000    1.9360    1.6672
    0.5604    0.3771    2.4106    9.0000    9.0000    1.9360    1.5415
    0.5620    0.3782    2.2867    9.0000   10.0000    1.9360    1.4880
    0.5629    0.3785    2.2744    9.0000   11.0000    1.9360    1.4939
    0.5658    0.3795    2.2546    9.0000   12.0000    1.9360    1.4976
    0.5823    0.3920    2.1437    9.0000   13.0000    1.9360    1.2623
    0.5900    0.4016    2.0959    9.0000   14.0000    1.9360    1.0668
    0.6027    0.4125    2.0720    9.0000   15.0000    1.9360    0.9000
    0.6200    0.4248    2.0583    9.0000   16.0000    1.9360    0.7162
    0.6497    0.4624    2.0408    9.0000   17.0000    1.9360    0.1044
    0.6685    0.4764    2.0487    9.0000   18.0000    1.9360         0
    0.8429    0.5625    3.4311    9.0000   19.0000         0         0
    0.8400    0.5599    3.4149    9.0000   20.0000         0         0
    0.8398    0.5596    3.4119    9.0000   21.0000         0         0
    0.8403    0.5603    3.4095    9.0000   22.0000         0         0
    0.7849    0.5307    3.3300    9.0000   23.0000    0.5795    0.5036
    0.7579    0.5127    3.2895    9.0000   24.0000    0.9099    0.6524
    0.7518    0.5089    3.2726    9.0000   25.0000    1.0195    0.5817
    0.5569    0.3821    2.7095    9.0000   26.0000    1.9360    1.7413
    0.5423    0.3741    2.6809    9.0000   27.0000    1.9360    1.8109
    0.4904    0.3308    2.5498    9.0000   28.0000    1.9360    1.9360
    0.4555    0.3020    2.4656    9.0000   29.0000    1.9360    1.9360
    0.4384    0.2929    2.4344    9.0000   30.0000    1.9360    1.9360
    0.4513    0.3047    2.3936    9.0000   31.0000    1.9360    1.9107
    0.4578    0.3117    2.3866    9.0000   32.0000    1.9360    1.7923
    0.4686    0.3266    2.3876    9.0000   33.0000    1.9360    1.5739
    0.8312    0.5544    3.3911   10.0000    2.0000         0         0
    0.7883    0.5316    3.3094   10.0000    3.0000    0.3941    0.3684
    0.7430    0.5074    3.2162   10.0000    4.0000    0.8290    0.7385
    0.6871    0.4775    3.0933   10.0000    5.0000    1.2528    1.0561
    0.5576    0.3807    2.6922   10.0000    6.0000    1.9360    1.6778
    0.5525    0.3702    2.5781   10.0000    7.0000    1.9360    1.6015
    0.5475    0.3681    2.5100   10.0000    8.0000    1.9360    1.6584
    0.5512    0.3706    2.3726   10.0000    9.0000    1.9360    1.5306
    0.5580    0.3754    2.2528   10.0000   10.0000    1.9360    1.3732
    0.5589    0.3757    2.2405   10.0000   11.0000    1.9360    1.3791
    0.5618    0.3767    2.2208   10.0000   12.0000    1.9360    1.3828
    0.5780    0.3890    2.1102   10.0000   13.0000    1.9360    1.1478
    0.5856    0.3985    2.0624   10.0000   14.0000    1.9360    0.9529
    0.5981    0.4092    2.0385   10.0000   15.0000    1.9360    0.7863
    0.6151    0.4213    2.0247   10.0000   16.0000    1.9360    0.6027
    0.6444    0.4585    2.0068   10.0000   17.0000    1.9360         0
    0.6629    0.4723    2.0146   10.0000   18.0000    1.9360         0
    0.8307    0.5539    3.3887   10.0000   19.0000         0         0
    0.8278    0.5513    3.3725   10.0000   20.0000         0         0
    0.8276    0.5511    3.3696   10.0000   21.0000         0         0
    0.8281    0.5517    3.3671   10.0000   22.0000         0         0
    0.7730    0.5223    3.2880   10.0000   23.0000    0.5776    0.5020
    0.7461    0.5043    3.2476   10.0000   24.0000    0.9080    0.6510
    0.7400    0.5005    3.2307   10.0000   25.0000    1.0175    0.5806
    0.5465    0.3747    2.6694   10.0000   26.0000    1.9360    1.7348
    0.5319    0.3668    2.6408   10.0000   27.0000    1.9360    1.8043
    0.4800    0.3235    2.5099   10.0000   28.0000    1.9360    1.9360
    0.4452    0.2947    2.4258   10.0000   29.0000    1.9360    1.9360
    0.4282    0.2856    2.3947   10.0000   30.0000    1.9360    1.9360
    0.4410    0.2974    2.3538   10.0000   31.0000    1.9360    1.9042
    0.4475    0.3044    2.3468   10.0000   32.0000    1.9360    1.7858
    0.4583    0.3193    2.3478   10.0000   33.0000    1.9360    1.5675
    0.8293    0.5536    3.3842   11.0000    2.0000         0         0
    0.7864    0.5308    3.3026   11.0000    3.0000    0.3938    0.3682
    0.7411    0.5066    3.2094   11.0000    4.0000    0.8286    0.7381
    0.6853    0.4767    3.0866   11.0000    5.0000    1.2522    1.0556
    0.5559    0.3801    2.6857   11.0000    6.0000    1.9360    1.6769
    0.5509    0.3696    2.5717   11.0000    7.0000    1.9360    1.6005
    0.5459    0.3675    2.5036   11.0000    8.0000    1.9360    1.6572
    0.5496    0.3700    2.3664   11.0000    9.0000    1.9360    1.5291
    0.5565    0.3748    2.2467   11.0000   10.0000    1.9360    1.3715
    0.5584    0.3755    2.2350   11.0000   11.0000    1.9360    1.3580
    0.5612    0.3765    2.2153   11.0000   12.0000    1.9360    1.3616
    0.5774    0.3888    2.1048   11.0000   13.0000    1.9360    1.1268
    0.5850    0.3982    2.0570   11.0000   14.0000    1.9360    0.9320
    0.5975    0.4089    2.0331   11.0000   15.0000    1.9360    0.7654
    0.6144    0.4210    2.0192   11.0000   16.0000    1.9360    0.5818
    0.6437    0.4581    2.0013   11.0000   17.0000    1.9360         0
    0.6621    0.4719    2.0090   11.0000   18.0000    1.9360         0
    0.8287    0.5531    3.3818   11.0000   19.0000         0         0
    0.8259    0.5505    3.3656   11.0000   20.0000         0         0
    0.8256    0.5502    3.3627   11.0000   21.0000         0         0
    0.8261    0.5509    3.3602   11.0000   22.0000         0         0
    0.7711    0.5215    3.2812   11.0000   23.0000    0.5773    0.5017
    0.7442    0.5035    3.2408   11.0000   24.0000    0.9077    0.6508
    0.7381    0.4997    3.2239   11.0000   25.0000    1.0172    0.5804
    0.5448    0.3740    2.6629   11.0000   26.0000    1.9360    1.7339
    0.5302    0.3661    2.6343   11.0000   27.0000    1.9360    1.8034
    0.4783    0.3228    2.5034   11.0000   28.0000    1.9360    1.9360
    0.4435    0.2941    2.4193   11.0000   29.0000    1.9360    1.9360
    0.4265    0.2849    2.3882   11.0000   30.0000    1.9360    1.9360
    0.4393    0.2968    2.3474   11.0000   31.0000    1.9360    1.9032
    0.4458    0.3037    2.3403   11.0000   32.0000    1.9360    1.7849
    0.4566    0.3186    2.3413   11.0000   33.0000    1.9360    1.5666
    0.8259    0.5522    3.3726   12.0000    2.0000         0         0
    0.7831    0.5294    3.2911   12.0000    3.0000    0.3934    0.3677
    0.7380    0.5053    3.1980   12.0000    4.0000    0.8278    0.7374
    0.6822    0.4754    3.0754   12.0000    5.0000    1.2511    1.0547
    0.5530    0.3789    2.6747   12.0000    6.0000    1.9360    1.6754
    0.5480    0.3684    2.5609   12.0000    7.0000    1.9360    1.5987
    0.5432    0.3664    2.4929   12.0000    8.0000    1.9360    1.6551
    0.5470    0.3690    2.3559   12.0000    9.0000    1.9360    1.5265
    0.5540    0.3738    2.2365   12.0000   10.0000    1.9360    1.3684
    0.5559    0.3745    2.2248   12.0000   11.0000    1.9360    1.3549
    0.5605    0.3762    2.2063   12.0000   12.0000    1.9360    1.3218
    0.5766    0.3884    2.0958   12.0000   13.0000    1.9360    1.0871
    0.5842    0.3979    2.0481   12.0000   14.0000    1.9360    0.8924
    0.5966    0.4085    2.0242   12.0000   15.0000    1.9360    0.7260
    0.6135    0.4205    2.0103   12.0000   16.0000    1.9360    0.5425
    0.6425    0.4576    1.9923   12.0000   17.0000    1.9360         0
    0.6608    0.4713    1.9999   12.0000   18.0000    1.9360         0
    0.8254    0.5517    3.3702   12.0000   19.0000         0         0
    0.8225    0.5491    3.3540   12.0000   20.0000         0         0
    0.8223    0.5488    3.3511   12.0000   21.0000         0         0
    0.8228    0.5495    3.3486   12.0000   22.0000         0         0
    0.7679    0.5201    3.2697   12.0000   23.0000    0.5768    0.5013
    0.7409    0.5021    3.2293   12.0000   24.0000    0.9072    0.6504
    0.7348    0.4983    3.2124   12.0000   25.0000    1.0168    0.5801
    0.5419    0.3728    2.6519   12.0000   26.0000    1.9360    1.7323
    0.5273    0.3649    2.6233   12.0000   27.0000    1.9360    1.8018
    0.4755    0.3217    2.4925   12.0000   28.0000    1.9360    1.9360
    0.4406    0.2929    2.4084   12.0000   29.0000    1.9360    1.9360
    0.4237    0.2838    2.3773   12.0000   30.0000    1.9360    1.9360
    0.4364    0.2956    2.3364   12.0000   31.0000    1.9360    1.9017
    0.4430    0.3025    2.3294   12.0000   32.0000    1.9360    1.7833
    0.4537    0.3174    2.3303   12.0000   33.0000    1.9360    1.5650
    0.8141    0.5432    3.3312   13.0000    2.0000         0         0
    0.7716    0.5207    3.2500   13.0000    3.0000    0.3915    0.3660
    0.7267    0.4967    3.1575   13.0000    4.0000    0.8247    0.7348
    0.6714    0.4671    3.0355   13.0000    5.0000    1.2469    1.0513
    0.5429    0.3711    2.6356   13.0000    6.0000    1.9360    1.6689
    0.5383    0.3611    2.5224   13.0000    7.0000    1.9360    1.5913
    0.5338    0.3592    2.4549   13.0000    8.0000    1.9360    1.6464
    0.5382    0.3623    2.3189   13.0000    9.0000    1.9360    1.5157
    0.5457    0.3675    2.2004   13.0000   10.0000    1.9360    1.3558
    0.5477    0.3682    2.1888   13.0000   11.0000    1.9360    1.3420
    0.5524    0.3699    2.1705   13.0000   12.0000    1.9360    1.3084
    0.5753    0.3874    2.0662   13.0000   13.0000    1.9360    0.9328
    0.5827    0.3967    2.0186   13.0000   14.0000    1.9360    0.7387
    0.5949    0.4072    1.9947   13.0000   15.0000    1.9360    0.5726
    0.6114    0.4189    1.9806   13.0000   16.0000    1.9360    0.3892
    0.6400    0.4554    1.9622   13.0000   17.0000    1.9360         0
    0.6579    0.4689    1.9695   13.0000   18.0000    1.9360         0
    0.8136    0.5427    3.3288   13.0000   19.0000         0         0
    0.8107    0.5401    3.3126   13.0000   20.0000         0         0
    0.8105    0.5399    3.3096   13.0000   21.0000         0         0
    0.8110    0.5406    3.3072   13.0000   22.0000         0         0
    0.7564    0.5114    3.2287   13.0000   23.0000    0.5749    0.4997
    0.7295    0.4934    3.1884   13.0000   24.0000    0.9053    0.6491
    0.7234    0.4896    3.1715   13.0000   25.0000    1.0148    0.5791
    0.5318    0.3651    2.6129   13.0000   26.0000    1.9360    1.7258
    0.5172    0.3572    2.5843   13.0000   27.0000    1.9360    1.7953
    0.4655    0.3140    2.4536   13.0000   28.0000    1.9360    1.9360
    0.4307    0.2853    2.3695   13.0000   29.0000    1.9360    1.9360
    0.4138    0.2762    2.3385   13.0000   30.0000    1.9360    1.9360
    0.4265    0.2880    2.2976   13.0000   31.0000    1.9360    1.8953
    0.4330    0.2950    2.2906   13.0000   32.0000    1.9360    1.7769
    0.4438    0.3098    2.2915   13.0000   33.0000    1.9360    1.5586
    0.8103    0.5390    3.3175   14.0000    2.0000         0         0
    0.7678    0.5165    3.2365   14.0000    3.0000    0.3908    0.3653
    0.7231    0.4927    3.1441   14.0000    4.0000    0.8236    0.7338
    0.6679    0.4632    3.0224   14.0000    5.0000    1.2453    1.0500
    0.5397    0.3675    2.6228   14.0000    6.0000    1.9360    1.6665
    0.5352    0.3576    2.5099   14.0000    7.0000    1.9360    1.5885
    0.5308    0.3558    2.4425   14.0000    8.0000    1.9360    1.6431
    0.5354    0.3590    2.3069   14.0000    9.0000    1.9360    1.5117
    0.5432    0.3644    2.1887   14.0000   10.0000    1.9360    1.3512
    0.5451    0.3651    2.1771   14.0000   11.0000    1.9360    1.3373
    0.5500    0.3669    2.1589   14.0000   12.0000    1.9360    1.3035
    0.5731    0.3847    2.0550   14.0000   13.0000    1.9360    0.9271
    0.5829    0.3969    2.0100   14.0000   14.0000    1.9360    0.6831
    0.5950    0.4072    1.9860   14.0000   15.0000    1.9360    0.5170
    0.6114    0.4189    1.9719   14.0000   16.0000    1.9360    0.3337
    0.6397    0.4551    1.9533   14.0000   17.0000    1.9360         0
    0.6575    0.4684    1.9605   14.0000   18.0000    1.9360         0
    0.8097    0.5385    3.3152   14.0000   19.0000         0         0
    0.8069    0.5360    3.2989   14.0000   20.0000         0         0
    0.8066    0.5357    3.2960   14.0000   21.0000         0         0
    0.8072    0.5364    3.2935   14.0000   22.0000         0         0
    0.7526    0.5073    3.2152   14.0000   23.0000    0.5742    0.4991
    0.7258    0.4893    3.1749   14.0000   24.0000    0.9046    0.6486
    0.7196    0.4855    3.1580   14.0000   25.0000    1.0141    0.5787
    0.5286    0.3615    2.6001   14.0000   26.0000    1.9360    1.7235
    0.5141    0.3535    2.5716   14.0000   27.0000    1.9360    1.7930
    0.4624    0.3104    2.4408   14.0000   28.0000    1.9360    1.9360
    0.4276    0.2817    2.3568   14.0000   29.0000    1.9360    1.9360
    0.4107    0.2726    2.3258   14.0000   30.0000    1.9360    1.9360
    0.4234    0.2844    2.2849   14.0000   31.0000    1.9360    1.8929
    0.4299    0.2914    2.2779   14.0000   32.0000    1.9360    1.7745
    0.4407    0.3062    2.2788   14.0000   33.0000    1.9360    1.5563
    0.8081    0.5372    3.3070   15.0000    2.0000         0         0
    0.7657    0.5147    3.2260   15.0000    3.0000    0.3904    0.3650
    0.7210    0.4909    3.1338   15.0000    4.0000    0.8230    0.7333
    0.6659    0.4615    3.0122   15.0000    5.0000    1.2445    1.0494
    0.5378    0.3659    2.6128   15.0000    6.0000    1.9360    1.6653
    0.5334    0.3561    2.5000   15.0000    7.0000    1.9360    1.5871
    0.5291    0.3543    2.4328   15.0000    8.0000    1.9360    1.6414
    0.5338    0.3577    2.2974   15.0000    9.0000    1.9360    1.5097
    0.5416    0.3631    2.1794   15.0000   10.0000    1.9360    1.3488
    0.5436    0.3639    2.1679   15.0000   11.0000    1.9360    1.3348
    0.5485    0.3657    2.1496   15.0000   12.0000    1.9360    1.3009
    0.5717    0.3835    2.0461   15.0000   13.0000    1.9360    0.9241
    0.5815    0.3957    2.0012   15.0000   14.0000    1.9360    0.6800
    0.5961    0.4082    1.9796   15.0000   15.0000    1.9360    0.4596
    0.6124    0.4198    1.9654   15.0000   16.0000    1.9360    0.2764
    0.6405    0.4558    1.9467   15.0000   17.0000    1.9360         0
    0.6582    0.4690    1.9538   15.0000   18.0000    1.9360         0
    0.8075    0.5367    3.3046   15.0000   19.0000         0         0
    0.8047    0.5341    3.2884   15.0000   20.0000         0         0
    0.8044    0.5339    3.2855   15.0000   21.0000         0         0
    0.8050    0.5346    3.2830   15.0000   22.0000         0         0
    0.7505    0.5055    3.2048   15.0000   23.0000    0.5738    0.4987
    0.7236    0.4875    3.1645   15.0000   24.0000    0.9042    0.6483
    0.7175    0.4837    3.1476   15.0000   25.0000    1.0137    0.5784
    0.5268    0.3599    2.5901   15.0000   26.0000    1.9360    1.7222
    0.5122    0.3520    2.5616   15.0000   27.0000    1.9360    1.7917
    0.4605    0.3089    2.4309   15.0000   28.0000    1.9360    1.9360
    0.4258    0.2801    2.3469   15.0000   29.0000    1.9360    1.9360
    0.4088    0.2711    2.3159   15.0000   30.0000    1.9360    1.9360
    0.4216    0.2828    2.2750   15.0000   31.0000    1.9360    1.8916
    0.4281    0.2898    2.2680   15.0000   32.0000    1.9360    1.7733
    0.4388    0.3047    2.2689   15.0000   33.0000    1.9360    1.5550
    0.8064    0.5360    3.2975   16.0000    2.0000         0         0
    0.7641    0.5136    3.2166   16.0000    3.0000    0.3901    0.3647
    0.7194    0.4898    3.1244   16.0000    4.0000    0.8226    0.7329
    0.6644    0.4604    3.0030   16.0000    5.0000    1.2440    1.0489
    0.5364    0.3649    2.6038   16.0000    6.0000    1.9360    1.6644
    0.5320    0.3551    2.4911   16.0000    7.0000    1.9360    1.5861
    0.5278    0.3534    2.4240   16.0000    8.0000    1.9360    1.6403
    0.5326    0.3568    2.2887   16.0000    9.0000    1.9360    1.5082
    0.5405    0.3623    2.1709   16.0000   10.0000    1.9360    1.3470
    0.5425    0.3630    2.1594   16.0000   11.0000    1.9360    1.3331
    0.5473    0.3648    2.1413   16.0000   12.0000    1.9360    1.2991
    0.5707    0.3827    2.0380   16.0000   13.0000    1.9360    0.9220
    0.5805    0.3950    1.9932   16.0000   14.0000    1.9360    0.6778
    0.5951    0.4075    1.9717   16.0000   15.0000    1.9360    0.4573
    0.6145    0.4213    1.9602   16.0000   16.0000    1.9360    0.2061
    0.6424    0.4570    1.9414   16.0000   17.0000    1.9360         0
    0.6599    0.4701    1.9483   16.0000   18.0000    1.9360         0
    0.8059    0.5355    3.2951   16.0000   19.0000         0         0
    0.8030    0.5330    3.2789   16.0000   20.0000         0         0
    0.8028    0.5327    3.2760   16.0000   21.0000         0         0
    0.8033    0.5334    3.2735   16.0000   22.0000         0         0
    0.7489    0.5043    3.1953   16.0000   23.0000    0.5736    0.4985
    0.7220    0.4864    3.1551   16.0000   24.0000    0.9039    0.6481
    0.7159    0.4825    3.1382   16.0000   25.0000    1.0135    0.5783
    0.5254    0.3589    2.5811   16.0000   26.0000    1.9360    1.7213
    0.5108    0.3510    2.5526   16.0000   27.0000    1.9360    1.7908
    0.4591    0.3079    2.4219   16.0000   28.0000    1.9360    1.9360
    0.4244    0.2791    2.3379   16.0000   29.0000    1.9360    1.9360
    0.4074    0.2701    2.3069   16.0000   30.0000    1.9360    1.9360
    0.4202    0.2818    2.2660   16.0000   31.0000    1.9360    1.8908
    0.4267    0.2888    2.2590   16.0000   32.0000    1.9360    1.7724
    0.4374    0.3037    2.2599   16.0000   33.0000    1.9360    1.5542
    0.8054    0.5349    3.2871   17.0000    2.0000         0         0
    0.7631    0.5125    3.2062   17.0000    3.0000    0.3900    0.3645
    0.7185    0.4887    3.1141   17.0000    4.0000    0.8223    0.7327
    0.6635    0.4593    2.9928   17.0000    5.0000    1.2435    1.0486
    0.5356    0.3639    2.5938   17.0000    6.0000    1.9360    1.6637
    0.5312    0.3542    2.4813   17.0000    7.0000    1.9360    1.5853
    0.5270    0.3525    2.4142   17.0000    8.0000    1.9360    1.6394
    0.5318    0.3559    2.2792   17.0000    9.0000    1.9360    1.5071
    0.5398    0.3614    2.1616   17.0000   10.0000    1.9360    1.3458
    0.5418    0.3622    2.1501   17.0000   11.0000    1.9360    1.3318
    0.5467    0.3640    2.1319   17.0000   12.0000    1.9360    1.2978
    0.5701    0.3820    2.0289   17.0000   13.0000    1.9360    0.9205
    0.5799    0.3943    1.9843   17.0000   14.0000    1.9360    0.6762
    0.5946    0.4068    1.9628   17.0000   15.0000    1.9360    0.4556
    0.6140    0.4206    1.9515   17.0000   16.0000    1.9360    0.2044
    0.6465    0.4623    1.9383   17.0000   17.0000    1.9360         0
    0.6638    0.4752    1.9504   17.0000   18.0000    1.9360         0
    0.8049    0.5344    3.2847   17.0000   19.0000         0         0
    0.8020    0.5318    3.2685   17.0000   20.0000         0         0
    0.8018    0.5315    3.2655   17.0000   21.0000         0         0
    0.8023    0.5322    3.2631   17.0000   22.0000         0         0
    0.7479    0.5032    3.1850   17.0000   23.0000    0.5734    0.4984
    0.7210    0.4853    3.1447   17.0000   24.0000    0.9037    0.6480
    0.7149    0.4814    3.1279   17.0000   25.0000    1.0133    0.5782
    0.5245    0.3579    2.5711   17.0000   26.0000    1.9360    1.7207
    0.5099    0.3500    2.5426   17.0000   27.0000    1.9360    1.7902
    0.4583    0.3069    2.4120   17.0000   28.0000    1.9360    1.9360
    0.4235    0.2782    2.3280   17.0000   29.0000    1.9360    1.9360
    0.4066    0.2691    2.2970   17.0000   30.0000    1.9360    1.9360
    0.4194    0.2809    2.2561   17.0000   31.0000    1.9360    1.8901
    0.4259    0.2878    2.2491   17.0000   32.0000    1.9360    1.7718
    0.4366    0.3027    2.2499   17.0000   33.0000    1.9360    1.5535
    0.8059    0.5353    3.2849   18.0000    2.0000         0         0
    0.7636    0.5128    3.2041   18.0000    3.0000    0.3900    0.3646
    0.7190    0.4891    3.1120   18.0000    4.0000    0.8225    0.7328
    0.6640    0.4597    2.9906   18.0000    5.0000    1.2437    1.0487
    0.5360    0.3642    2.5917   18.0000    6.0000    1.9360    1.6640
    0.5316    0.3545    2.4792   18.0000    7.0000    1.9360    1.5857
    0.5274    0.3528    2.4122   18.0000    8.0000    1.9360    1.6398
    0.5322    0.3562    2.2771   18.0000    9.0000    1.9360    1.5076
    0.5402    0.3617    2.1595   18.0000   10.0000    1.9360    1.3463
    0.5422    0.3625    2.1480   18.0000   11.0000    1.9360    1.3324
    0.5470    0.3643    2.1299   18.0000   12.0000    1.9360    1.2984
    0.5704    0.3822    2.0269   18.0000   13.0000    1.9360    0.9212
    0.5803    0.3945    1.9822   18.0000   14.0000    1.9360    0.6769
    0.5949    0.4070    1.9608   18.0000   15.0000    1.9360    0.4564
    0.6143    0.4208    1.9495   18.0000   16.0000    1.9360    0.2052
    0.6468    0.4625    1.9363   18.0000   17.0000    1.9360         0
    0.6668    0.4775    1.9548   18.0000   18.0000    1.9360         0
    0.8054    0.5348    3.2826   18.0000   19.0000         0         0
    0.8025    0.5322    3.2663   18.0000   20.0000         0         0
    0.8023    0.5319    3.2634   18.0000   21.0000         0         0
    0.8028    0.5326    3.2610   18.0000   22.0000         0         0
    0.7484    0.5036    3.1828   18.0000   23.0000    0.5735    0.4984
    0.7215    0.4857    3.1426   18.0000   24.0000    0.9038    0.6481
    0.7154    0.4818    3.1257   18.0000   25.0000    1.0134    0.5782
    0.5249    0.3582    2.5690   18.0000   26.0000    1.9360    1.7210
    0.5104    0.3503    2.5405   18.0000   27.0000    1.9360    1.7905
    0.4587    0.3072    2.4099   18.0000   28.0000    1.9360    1.9360
    0.4240    0.2785    2.3259   18.0000   29.0000    1.9360    1.9360
    0.4070    0.2694    2.2949   18.0000   30.0000    1.9360    1.9360
    0.4198    0.2812    2.2540   18.0000   31.0000    1.9360    1.8904
    0.4263    0.2882    2.2470   18.0000   32.0000    1.9360    1.7721
    0.4370    0.3030    2.2478   18.0000   33.0000    1.9360    1.5538
    0.9639    0.6460    3.7175   19.0000    2.0000         0         0
    0.9146    0.6196    3.6295   19.0000    3.0000    0.4634    0.4331
    0.8619    0.5913    3.5267   19.0000    4.0000    0.9464    0.8424
    0.7972    0.5564    3.3899   19.0000    5.0000    1.4198    1.1949
    0.6644    0.4551    2.9991   19.0000    6.0000    1.9360    1.9360
    0.6570    0.4403    2.8808   19.0000    7.0000    1.9360    1.8887
    0.6472    0.4362    2.8090   19.0000    8.0000    1.9360    1.9360
    0.6447    0.4343    2.6649   19.0000    9.0000    1.9360    1.9360
    0.6463    0.4354    2.5389   19.0000   10.0000    1.9360    1.9360
    0.6473    0.4358    2.5264   19.0000   11.0000    1.9360    1.9360
    0.6504    0.4369    2.5064   19.0000   12.0000    1.9360    1.9360
    0.6678    0.4502    2.3944   19.0000   13.0000    1.9360    1.7203
    0.6761    0.4602    2.3461   19.0000   14.0000    1.9360    1.5228
    0.6897    0.4717    2.3224   19.0000   15.0000    1.9360    1.3546
    0.7080    0.4848    2.3091   19.0000   16.0000    1.9360    1.1697
    0.7397    0.5243    2.2927   19.0000   17.0000    1.9360    0.5527
    0.7596    0.5392    2.3015   19.0000   18.0000    1.9360    0.3336
    0.9640    0.6460    3.7152   19.0000   19.0000         0         0
    0.9611    0.6435    3.6989   19.0000   20.0000         0         0
    0.9609    0.6432    3.6960   19.0000   21.0000         0         0
    0.9614    0.6439    3.6936   19.0000   22.0000         0         0
    0.8988    0.6100    3.6074   19.0000   23.0000    0.6473    0.5623
    0.8716    0.5919    3.5658   19.0000   24.0000    0.9785    0.7010
    0.8661    0.5885    3.5485   19.0000   25.0000    1.0882    0.6205
    0.6528    0.4488    2.9759   19.0000   26.0000    1.9360    1.9360
    0.6376    0.4404    2.9467   19.0000   27.0000    1.9360    1.9360
    0.5834    0.3955    2.8134   19.0000   28.0000    1.9360    1.9360
    0.5471    0.3656    2.7277   19.0000   29.0000    1.9360    1.9360
    0.5294    0.3560    2.6959   19.0000   30.0000    1.9360    1.9360
    0.5427    0.3682    2.6550   19.0000   31.0000    1.9360    1.9360
    0.5495    0.3754    2.6481   19.0000   32.0000    1.9360    1.9360
    0.5607    0.3908    2.6493   19.0000   33.0000    1.9360    1.8310
    0.9611    0.6434    3.7034   20.0000    2.0000         0         0
    0.9117    0.6171    3.6154   20.0000    3.0000    0.4634    0.4330
    0.8590    0.5888    3.5126   20.0000    4.0000    0.9464    0.8423
    0.7944    0.5538    3.3758   20.0000    5.0000    1.4197    1.1948
    0.6615    0.4525    2.9850   20.0000    6.0000    1.9360    1.9360
    0.6541    0.4378    2.8667   20.0000    7.0000    1.9360    1.8887
    0.6444    0.4336    2.7949   20.0000    8.0000    1.9360    1.9360
    0.6418    0.4318    2.6508   20.0000    9.0000    1.9360    1.9360
    0.6434    0.4328    2.5248   20.0000   10.0000    1.9360    1.9360
    0.6444    0.4332    2.5123   20.0000   11.0000    1.9360    1.9360
    0.6475    0.4343    2.4923   20.0000   12.0000    1.9360    1.9360
    0.6650    0.4476    2.3803   20.0000   13.0000    1.9360    1.7203
    0.6732    0.4577    2.3320   20.0000   14.0000    1.9360    1.5227
    0.6868    0.4692    2.3083   20.0000   15.0000    1.9360    1.3546
    0.7052    0.4823    2.2950   20.0000   16.0000    1.9360    1.1696
    0.7368    0.5217    2.2786   20.0000   17.0000    1.9360    0.5526
    0.7567    0.5366    2.2874   20.0000   18.0000    1.9360    0.3335
    0.9611    0.6435    3.7011   20.0000   19.0000         0         0
    0.9635    0.6456    3.6852   20.0000   20.0000         0         0
    0.9633    0.6454    3.6823   20.0000   21.0000         0         0
    0.9638    0.6460    3.6799   20.0000   22.0000         0         0
    0.8960    0.6074    3.5933   20.0000   23.0000    0.6472    0.5622
    0.8688    0.5893    3.5517   20.0000   24.0000    0.9784    0.7010
    0.8633    0.5860    3.5344   20.0000   25.0000    1.0882    0.6205
    0.6500    0.4462    2.9618   20.0000   26.0000    1.9360    1.9360
    0.6347    0.4378    2.9326   20.0000   27.0000    1.9360    1.9360
    0.5806    0.3929    2.7993   20.0000   28.0000    1.9360    1.9360
    0.5442    0.3630    2.7136   20.0000   29.0000    1.9360    1.9360
    0.5265    0.3535    2.6819   20.0000   30.0000    1.9360    1.9360
    0.5398    0.3657    2.6409   20.0000   31.0000    1.9360    1.9360
    0.5466    0.3729    2.6340   20.0000   32.0000    1.9360    1.9360
    0.5579    0.3882    2.6352   20.0000   33.0000    1.9360    1.8309
    0.9607    0.6431    3.7008   21.0000    2.0000         0         0
    0.9114    0.6167    3.6128   21.0000    3.0000    0.4633    0.4330
    0.8587    0.5884    3.5100   21.0000    4.0000    0.9463    0.8423
    0.7941    0.5535    3.3732   21.0000    5.0000    1.4197    1.1948
    0.6612    0.4522    2.9824   21.0000    6.0000    1.9360    1.9360
    0.6538    0.4374    2.8642   21.0000    7.0000    1.9360    1.8886
    0.6441    0.4333    2.7923   21.0000    8.0000    1.9360    1.9360
    0.6415    0.4314    2.6482   21.0000    9.0000    1.9360    1.9360
    0.6431    0.4325    2.5223   21.0000   10.0000    1.9360    1.9360
    0.6441    0.4328    2.5097   21.0000   11.0000    1.9360    1.9360
    0.6472    0.4340    2.4898   21.0000   12.0000    1.9360    1.9360
    0.6647    0.4473    2.3777   21.0000   13.0000    1.9360    1.7203
    0.6729    0.4573    2.3294   21.0000   14.0000    1.9360    1.5227
    0.6865    0.4688    2.3057   21.0000   15.0000    1.9360    1.3545
    0.7048    0.4819    2.2925   21.0000   16.0000    1.9360    1.1696
    0.7365    0.5214    2.2760   21.0000   17.0000    1.9360    0.5526
    0.7564    0.5363    2.2849   21.0000   18.0000    1.9360    0.3335
    0.9608    0.6431    3.6985   21.0000   19.0000         0         0
    0.9632    0.6453    3.6827   21.0000   20.0000         0         0
    0.9644    0.6466    3.6799   21.0000   21.0000         0         0
    0.9649    0.6473    3.6775   21.0000   22.0000         0         0
    0.8956    0.6071    3.5907   21.0000   23.0000    0.6472    0.5622
    0.8684    0.5890    3.5491   21.0000   24.0000    0.9784    0.7010
    0.8630    0.5856    3.5318   21.0000   25.0000    1.0882    0.6205
    0.6496    0.4458    2.9592   21.0000   26.0000    1.9360    1.9360
    0.6344    0.4375    2.9301   21.0000   27.0000    1.9360    1.9360
    0.5802    0.3925    2.7967   21.0000   28.0000    1.9360    1.9360
    0.5439    0.3626    2.7110   21.0000   29.0000    1.9360    1.9360
    0.5262    0.3531    2.6793   21.0000   30.0000    1.9360    1.9360
    0.5395    0.3653    2.6384   21.0000   31.0000    1.9360    1.9360
    0.5463    0.3725    2.6315   21.0000   32.0000    1.9360    1.9360
    0.5576    0.3878    2.6327   21.0000   33.0000    1.9360    1.8309
    0.9610    0.6434    3.6987   22.0000    2.0000         0         0
    0.9116    0.6170    3.6107   22.0000    3.0000    0.4634    0.4330
    0.8590    0.5887    3.5079   22.0000    4.0000    0.9463    0.8423
    0.7943    0.5538    3.3710   22.0000    5.0000    1.4197    1.1948
    0.6615    0.4525    2.9803   22.0000    6.0000    1.9360    1.9360
    0.6541    0.4378    2.8620   22.0000    7.0000    1.9360    1.8887
    0.6443    0.4336    2.7902   22.0000    8.0000    1.9360    1.9360
    0.6418    0.4318    2.6461   22.0000    9.0000    1.9360    1.9360
    0.6434    0.4328    2.5201   22.0000   10.0000    1.9360    1.9360
    0.6444    0.4332    2.5076   22.0000   11.0000    1.9360    1.9360
    0.6474    0.4343    2.4876   22.0000   12.0000    1.9360    1.9360
    0.6649    0.4476    2.3755   22.0000   13.0000    1.9360    1.7203
    0.6732    0.4576    2.3272   22.0000   14.0000    1.9360    1.5227
    0.6867    0.4692    2.3036   22.0000   15.0000    1.9360    1.3546
    0.7051    0.4823    2.2903   22.0000   16.0000    1.9360    1.1696
    0.7368    0.5217    2.2739   22.0000   17.0000    1.9360    0.5526
    0.7567    0.5366    2.2827   22.0000   18.0000    1.9360    0.3335
    0.9611    0.6435    3.6963   22.0000   19.0000         0         0
    0.9635    0.6456    3.6805   22.0000   20.0000         0         0
    0.9647    0.6470    3.6778   22.0000   21.0000         0         0
    0.9676    0.6508    3.6788   22.0000   22.0000         0         0
    0.8959    0.6074    3.5886   22.0000   23.0000    0.6472    0.5622
    0.8687    0.5893    3.5469   22.0000   24.0000    0.9784    0.7010
    0.8632    0.5860    3.5297   22.0000   25.0000    1.0882    0.6205
    0.6499    0.4462    2.9571   22.0000   26.0000    1.9360    1.9360
    0.6347    0.4378    2.9279   22.0000   27.0000    1.9360    1.9360
    0.5805    0.3929    2.7946   22.0000   28.0000    1.9360    1.9360
    0.5442    0.3630    2.7089   22.0000   29.0000    1.9360    1.9360
    0.5265    0.3534    2.6771   22.0000   30.0000    1.9360    1.9360
    0.5398    0.3657    2.6362   22.0000   31.0000    1.9360    1.9360
    0.5466    0.3729    2.6293   22.0000   32.0000    1.9360    1.9360
    0.5578    0.3882    2.6305   22.0000   33.0000    1.9360    1.8309
    0.9323    0.6285    3.6640   23.0000    2.0000         0         0
    0.8872    0.6044    3.5798   23.0000    3.0000    0.4103    0.3835
    0.8357    0.5767    3.4793   23.0000    4.0000    0.8922    0.7943
    0.7720    0.5423    3.3448   23.0000    5.0000    1.3645    1.1487
    0.6373    0.4401    2.9479   23.0000    6.0000    1.9360    1.8872
    0.6299    0.4255    2.8299   23.0000    7.0000    1.9360    1.8326
    0.6203    0.4214    2.7583   23.0000    8.0000    1.9360    1.9360
    0.6177    0.4195    2.6145   23.0000    9.0000    1.9360    1.9360
    0.6193    0.4206    2.4888   23.0000   10.0000    1.9360    1.8914
    0.6203    0.4210    2.4763   23.0000   11.0000    1.9360    1.8975
    0.6234    0.4221    2.4564   23.0000   12.0000    1.9360    1.9015
    0.6408    0.4353    2.3445   23.0000   13.0000    1.9360    1.6642
    0.6489    0.4453    2.2962   23.0000   14.0000    1.9360    1.4670
    0.6624    0.4567    2.2725   23.0000   15.0000    1.9360    1.2990
    0.6806    0.4697    2.2592   23.0000   16.0000    1.9360    1.1142
    0.7120    0.5090    2.2427   23.0000   17.0000    1.9360    0.4979
    0.7318    0.5238    2.2514   23.0000   18.0000    1.9360    0.2789
    0.9317    0.6280    3.6617   23.0000   19.0000         0         0
    0.9288    0.6254    3.6454   23.0000   20.0000         0         0
    0.9286    0.6251    3.6425   23.0000   21.0000         0         0
    0.9291    0.6258    3.6400   23.0000   22.0000         0         0
    0.8753    0.5971    3.5617   23.0000   23.0000    0.5479    0.4761
    0.8478    0.5788    3.5211   23.0000   24.0000    0.8780    0.6295
    0.8412    0.5746    3.5042   23.0000   25.0000    0.9874    0.5633
    0.6258    0.4338    2.9248   23.0000   26.0000    1.9360    1.9360
    0.6107    0.4256    2.8958   23.0000   27.0000    1.9360    1.9360
    0.5570    0.3809    2.7629   23.0000   28.0000    1.9360    1.9360
    0.5210    0.3513    2.6774   23.0000   29.0000    1.9360    1.9360
    0.5034    0.3418    2.6458   23.0000   30.0000    1.9360    1.9360
    0.5166    0.3539    2.6049   23.0000   31.0000    1.9360    1.9360
    0.5234    0.3611    2.5980   23.0000   32.0000    1.9360    1.9360
    0.5345    0.3763    2.5992   23.0000   33.0000    1.9360    1.7751
    0.9224    0.6209    3.6564   24.0000    2.0000         0         0
    0.8775    0.5969    3.5724   24.0000    3.0000    0.4087    0.3820
    0.8261    0.5693    3.4719   24.0000    4.0000    0.8905    0.7928
    0.7625    0.5350    3.3375   24.0000    5.0000    1.3628    1.1473
    0.6277    0.4328    2.9405   24.0000    6.0000    1.9360    1.8855
    0.6204    0.4181    2.8225   24.0000    7.0000    1.9360    1.8309
    0.6107    0.4140    2.7509   24.0000    8.0000    1.9360    1.9360
    0.6082    0.4122    2.6071   24.0000    9.0000    1.9360    1.9360
    0.6098    0.4133    2.4814   24.0000   10.0000    1.9360    1.8897
    0.6108    0.4136    2.4689   24.0000   11.0000    1.9360    1.8958
    0.6139    0.4147    2.4490   24.0000   12.0000    1.9360    1.8998
    0.6312    0.4279    2.3371   24.0000   13.0000    1.9360    1.6626
    0.6394    0.4379    2.2888   24.0000   14.0000    1.9360    1.4653
    0.6528    0.4493    2.2651   24.0000   15.0000    1.9360    1.2973
    0.6711    0.4624    2.2518   24.0000   16.0000    1.9360    1.1126
    0.7025    0.5016    2.2353   24.0000   17.0000    1.9360    0.4962
    0.7222    0.5164    2.2440   24.0000   18.0000    1.9360    0.2773
    0.9218    0.6204    3.6541   24.0000   19.0000         0         0
    0.9190    0.6178    3.6378   24.0000   20.0000         0         0
    0.9187    0.6176    3.6349   24.0000   21.0000         0         0
    0.9192    0.6182    3.6325   24.0000   22.0000         0         0
    0.8658    0.5898    3.5544   24.0000   23.0000    0.5450    0.4737
    0.8454    0.5762    3.5218   24.0000   24.0000    0.7830    0.5617
    0.8380    0.5714    3.5052   24.0000   25.0000    0.8921    0.5092
    0.6163    0.4265    2.9174   24.0000   26.0000    1.9360    1.9360
    0.6012    0.4182    2.8883   24.0000   27.0000    1.9360    1.9360
    0.5475    0.3736    2.7554   24.0000   28.0000    1.9360    1.9360
    0.5115    0.3439    2.6700   24.0000   29.0000    1.9360    1.9360
    0.4939    0.3345    2.6384   24.0000   30.0000    1.9360    1.9360
    0.5071    0.3466    2.5975   24.0000   31.0000    1.9360    1.9360
    0.5139    0.3538    2.5906   24.0000   32.0000    1.9360    1.9360
    0.5250    0.3690    2.5918   24.0000   33.0000    1.9360    1.7734
    0.9182    0.6177    3.6527   25.0000    2.0000         0         0
    0.8734    0.5938    3.5687   25.0000    3.0000    0.4080    0.3813
    0.8220    0.5662    3.4683   25.0000    4.0000    0.8899    0.7922
    0.7585    0.5319    3.3339   25.0000    5.0000    1.3621    1.1467
    0.6237    0.4297    2.9369   25.0000    6.0000    1.9360    1.8848
    0.6164    0.4150    2.8189   25.0000    7.0000    1.9360    1.8302
    0.6067    0.4109    2.7473   25.0000    8.0000    1.9360    1.9360
    0.6042    0.4091    2.6035   25.0000    9.0000    1.9360    1.9360
    0.6058    0.4102    2.4778   25.0000   10.0000    1.9360    1.8890
    0.6068    0.4105    2.4653   25.0000   11.0000    1.9360    1.8951
    0.6098    0.4117    2.4454   25.0000   12.0000    1.9360    1.8991
    0.6272    0.4248    2.3334   25.0000   13.0000    1.9360    1.6619
    0.6354    0.4348    2.2852   25.0000   14.0000    1.9360    1.4646
    0.6488    0.4463    2.2615   25.0000   15.0000    1.9360    1.2966
    0.6670    0.4593    2.2482   25.0000   16.0000    1.9360    1.1119
    0.6984    0.4985    2.2316   25.0000   17.0000    1.9360    0.4956
    0.7182    0.5133    2.2404   25.0000   18.0000    1.9360    0.2766
    0.9176    0.6172    3.6504   25.0000   19.0000         0         0
    0.9148    0.6146    3.6341   25.0000   20.0000         0         0
    0.9145    0.6144    3.6312   25.0000   21.0000         0         0
    0.9151    0.6151    3.6288   25.0000   22.0000         0         0
    0.8618    0.5867    3.5508   25.0000   23.0000    0.5438    0.4726
    0.8416    0.5732    3.5184   25.0000   24.0000    0.7806    0.5601
    0.8404    0.5725    3.5099   25.0000   25.0000    0.7997    0.4567
    0.6122    0.4234    2.9137   25.0000   26.0000    1.9360    1.9360
    0.5971    0.4151    2.8847   25.0000   27.0000    1.9360    1.9360
    0.5435    0.3705    2.7518   25.0000   28.0000    1.9360    1.9360
    0.5074    0.3409    2.6664   25.0000   29.0000    1.9360    1.9360
    0.4899    0.3314    2.6348   25.0000   30.0000    1.9360    1.9360
    0.5031    0.3436    2.5939   25.0000   31.0000    1.9360    1.9360
    0.5098    0.3507    2.5870   25.0000   32.0000    1.9360    1.9360
    0.5210    0.3659    2.5882   25.0000   33.0000    1.9360    1.7727
    0.8694    0.5860    3.5176   26.0000    2.0000         0         0
    0.8257    0.5627    3.4348   26.0000    3.0000    0.4004    0.3743
    0.7793    0.5378    3.3401   26.0000    4.0000    0.8392    0.7474
    0.7220    0.5069    3.2152   26.0000    5.0000    1.2668    1.0675
    0.5901    0.4081    2.8117   26.0000    6.0000    1.9360    1.6994
    0.5830    0.3938    2.6947   26.0000    7.0000    1.9360    1.6452
    0.5737    0.3899    2.6237   26.0000    8.0000    1.9360    1.7783
    0.5713    0.3881    2.4810   26.0000    9.0000    1.9360    1.7571
    0.5728    0.3892    2.3561   26.0000   10.0000    1.9360    1.7033
    0.5738    0.3895    2.3437   26.0000   11.0000    1.9360    1.7094
    0.5768    0.3906    2.3238   26.0000   12.0000    1.9360    1.7132
    0.5937    0.4035    2.2124   26.0000   13.0000    1.9360    1.4769
    0.6017    0.4133    2.1643   26.0000   14.0000    1.9360    1.2805
    0.6148    0.4245    2.1406   26.0000   15.0000    1.9360    1.1131
    0.6325    0.4371    2.1271   26.0000   16.0000    1.9360    0.9288
    0.6631    0.4756    2.1101   26.0000   17.0000    1.9360    0.3147
    0.6824    0.4901    2.1185   26.0000   18.0000    1.9360    0.0963
    0.8689    0.5855    3.5153   26.0000   19.0000         0         0
    0.8660    0.5829    3.4990   26.0000   20.0000         0         0
    0.8658    0.5826    3.4961   26.0000   21.0000         0         0
    0.8663    0.5833    3.4936   26.0000   22.0000         0         0
    0.8103    0.5533    3.4133   26.0000   23.0000    0.5839    0.5074
    0.7832    0.5352    3.3726   26.0000   24.0000    0.9144    0.6555
    0.7771    0.5314    3.3556   26.0000   25.0000    1.0240    0.5842
    0.5800    0.4026    2.7894   26.0000   26.0000    1.9360    1.7355
    0.5654    0.3946    2.7607   26.0000   27.0000    1.9360    1.8050
    0.5134    0.3513    2.6296   26.0000   28.0000    1.9360    1.9360
    0.4785    0.3225    2.5453   26.0000   29.0000    1.9360    1.9360
    0.4615    0.3133    2.5141   26.0000   30.0000    1.9360    1.9360
    0.4743    0.3252    2.4734   26.0000   31.0000    1.9360    1.9048
    0.4808    0.3321    2.4664   26.0000   32.0000    1.9360    1.7864
    0.4916    0.3471    2.4674   26.0000   33.0000    1.9360    1.5681
    0.8645    0.5833    3.5082   27.0000    2.0000         0         0
    0.8209    0.5600    3.4255   27.0000    3.0000    0.3997    0.3736
    0.7747    0.5352    3.3310   27.0000    4.0000    0.8380    0.7464
    0.7175    0.5044    3.2062   27.0000    5.0000    1.2652    1.0661
    0.5859    0.4058    2.8029   27.0000    6.0000    1.9360    1.6970
    0.5788    0.3915    2.6859   27.0000    7.0000    1.9360    1.6427
    0.5694    0.3876    2.6149   27.0000    8.0000    1.9360    1.7758
    0.5670    0.3858    2.4721   27.0000    9.0000    1.9360    1.7546
    0.5686    0.3869    2.3473   27.0000   10.0000    1.9360    1.7009
    0.5696    0.3872    2.3349   27.0000   11.0000    1.9360    1.7069
    0.5726    0.3883    2.3150   27.0000   12.0000    1.9360    1.7108
    0.5895    0.4012    2.2036   27.0000   13.0000    1.9360    1.4745
    0.5974    0.4110    2.1555   27.0000   14.0000    1.9360    1.2781
    0.6105    0.4221    2.1318   27.0000   15.0000    1.9360    1.1107
    0.6283    0.4348    2.1183   27.0000   16.0000    1.9360    0.9264
    0.6589    0.4733    2.1012   27.0000   17.0000    1.9360    0.3123
    0.6781    0.4877    2.1096   27.0000   18.0000    1.9360    0.0939
    0.8640    0.5828    3.5058   27.0000   19.0000         0         0
    0.8611    0.5802    3.4896   27.0000   20.0000         0         0
    0.8609    0.5799    3.4866   27.0000   21.0000         0         0
    0.8614    0.5806    3.4842   27.0000   22.0000         0         0
    0.8055    0.5506    3.4040   27.0000   23.0000    0.5832    0.5068
    0.7784    0.5325    3.3633   27.0000   24.0000    0.9137    0.6550
    0.7723    0.5287    3.3463   27.0000   25.0000    1.0232    0.5837
    0.5758    0.4003    2.7805   27.0000   26.0000    1.9360    1.7328
    0.5626    0.3931    2.7526   27.0000   27.0000    1.9360    1.7731
    0.5109    0.3500    2.6217   27.0000   28.0000    1.9360    1.9360
    0.4762    0.3212    2.5376   27.0000   29.0000    1.9360    1.9360
    0.4592    0.3121    2.5065   27.0000   30.0000    1.9360    1.9360
    0.4720    0.3239    2.4658   27.0000   31.0000    1.9360    1.8730
    0.4785    0.3309    2.4588   27.0000   32.0000    1.9360    1.7547
    0.4893    0.3458    2.4597   27.0000   33.0000    1.9360    1.5366
    0.8467    0.5687    3.4751   28.0000    2.0000         0         0
    0.8034    0.5457    3.3929   28.0000    3.0000    0.3968    0.3709
    0.7577    0.5212    3.2989   28.0000    4.0000    0.8333    0.7422
    0.7012    0.4909    3.1749   28.0000    5.0000    1.2587    1.0608
    0.5707    0.3932    2.7721   28.0000    6.0000    1.9360    1.6869
    0.5636    0.3789    2.6552   28.0000    7.0000    1.9360    1.6327
    0.5543    0.3750    2.5842   28.0000    8.0000    1.9360    1.7658
    0.5519    0.3733    2.4415   28.0000    9.0000    1.9360    1.7446
    0.5535    0.3743    2.3167   28.0000   10.0000    1.9360    1.6909
    0.5545    0.3747    2.3043   28.0000   11.0000    1.9360    1.6969
    0.5574    0.3757    2.2845   28.0000   12.0000    1.9360    1.7007
    0.5743    0.3886    2.1730   28.0000   13.0000    1.9360    1.4645
    0.5822    0.3984    2.1250   28.0000   14.0000    1.9360    1.2681
    0.5953    0.4095    2.1012   28.0000   15.0000    1.9360    1.1008
    0.6130    0.4221    2.0877   28.0000   16.0000    1.9360    0.9165
    0.6435    0.4606    2.0706   28.0000   17.0000    1.9360    0.3025
    0.6627    0.4750    2.0789   28.0000   18.0000    1.9360    0.0841
    0.8461    0.5682    3.4728   28.0000   19.0000         0         0
    0.8432    0.5656    3.4565   28.0000   20.0000         0         0
    0.8430    0.5653    3.4536   28.0000   21.0000         0         0
    0.8435    0.5660    3.4512   28.0000   22.0000         0         0
    0.7881    0.5363    3.3714   28.0000   23.0000    0.5802    0.5043
    0.7611    0.5183    3.3308   28.0000   24.0000    0.9107    0.6529
    0.7550    0.5145    3.3139   28.0000   25.0000    1.0202    0.5821
    0.5608    0.3879    2.7499   28.0000   26.0000    1.9360    1.7221
    0.5479    0.3808    2.7222   28.0000   27.0000    1.9360    1.7615
    0.5026    0.3430    2.5955   28.0000   28.0000    1.9360    1.8473
    0.4685    0.3148    2.5120   28.0000   29.0000    1.9360    1.9360
    0.4518    0.3059    2.4812   28.0000   30.0000    1.9360    1.9360
    0.4644    0.3175    2.4405   28.0000   31.0000    1.9360    1.7527
    0.4708    0.3244    2.4335   28.0000   32.0000    1.9360    1.6348
    0.4814    0.3391    2.4343   28.0000   33.0000    1.9360    1.4172
    0.8340    0.5585    3.4529   29.0000    2.0000         0         0
    0.7910    0.5356    3.3709   29.0000    3.0000    0.3947    0.3689
    0.7457    0.5114    3.2773   29.0000    4.0000    0.8299    0.7393
    0.6897    0.4813    3.1539   29.0000    5.0000    1.2540    1.0571
    0.5599    0.3844    2.7515   29.0000    6.0000    1.9360    1.6799
    0.5529    0.3701    2.6346   29.0000    7.0000    1.9360    1.6257
    0.5436    0.3662    2.5636   29.0000    8.0000    1.9360    1.7587
    0.5412    0.3645    2.4210   29.0000    9.0000    1.9360    1.7375
    0.5428    0.3655    2.2962   29.0000   10.0000    1.9360    1.6838
    0.5438    0.3659    2.2838   29.0000   11.0000    1.9360    1.6898
    0.5467    0.3670    2.2640   29.0000   12.0000    1.9360    1.6937
    0.5636    0.3798    2.1526   29.0000   13.0000    1.9360    1.4574
    0.5715    0.3895    2.1045   29.0000   14.0000    1.9360    1.2611
    0.5845    0.4007    2.0807   29.0000   15.0000    1.9360    1.0938
    0.6022    0.4133    2.0672   29.0000   16.0000    1.9360    0.9095
    0.6327    0.4516    2.0500   29.0000   17.0000    1.9360    0.2956
    0.6518    0.4660    2.0583   29.0000   18.0000    1.9360    0.0772
    0.8335    0.5580    3.4506   29.0000   19.0000         0         0
    0.8306    0.5554    3.4343   29.0000   20.0000         0         0
    0.8304    0.5551    3.4314   29.0000   21.0000         0         0
    0.8309    0.5558    3.4289   29.0000   22.0000         0         0
    0.7758    0.5263    3.3495   29.0000   23.0000    0.5781    0.5025
    0.7488    0.5083    3.3090   29.0000   24.0000    0.9086    0.6514
    0.7427    0.5045    3.2921   29.0000   25.0000    1.0181    0.5809
    0.5502    0.3791    2.7294   29.0000   26.0000    1.9360    1.7146
    0.5375    0.3722    2.7019   29.0000   27.0000    1.9360    1.7533
    0.4931    0.3351    2.5760   29.0000   28.0000    1.9360    1.8365
    0.4635    0.3107    2.4955   29.0000   29.0000    1.9360    1.8579
    0.4471    0.3020    2.4649   29.0000   30.0000    1.9360    1.8967
    0.4595    0.3134    2.4242   29.0000   31.0000    1.9360    1.6612
    0.4658    0.3202    2.4172   29.0000   32.0000    1.9360    1.5435
    0.4763    0.3347    2.4180   29.0000   33.0000    1.9360    1.3263
    0.8279    0.5551    3.4421   30.0000    2.0000         0         0
    0.7850    0.5323    3.3603   30.0000    3.0000    0.3938    0.3681
    0.7398    0.5081    3.2669   30.0000    4.0000    0.8284    0.7380
    0.6840    0.4782    3.1437   30.0000    5.0000    1.2520    1.0554
    0.5546    0.3815    2.7414   30.0000    6.0000    1.9360    1.6768
    0.5476    0.3672    2.6245   30.0000    7.0000    1.9360    1.6226
    0.5383    0.3633    2.5536   30.0000    8.0000    1.9360    1.7556
    0.5359    0.3616    2.4110   30.0000    9.0000    1.9360    1.7345
    0.5375    0.3626    2.2863   30.0000   10.0000    1.9360    1.6807
    0.5385    0.3630    2.2738   30.0000   11.0000    1.9360    1.6868
    0.5414    0.3640    2.2540   30.0000   12.0000    1.9360    1.6906
    0.5583    0.3769    2.1426   30.0000   13.0000    1.9360    1.4544
    0.5662    0.3866    2.0945   30.0000   14.0000    1.9360    1.2581
    0.5792    0.3977    2.0707   30.0000   15.0000    1.9360    1.0907
    0.5969    0.4104    2.0572   30.0000   16.0000    1.9360    0.9065
    0.6273    0.4487    2.0400   30.0000   17.0000    1.9360    0.2926
    0.6465    0.4631    2.0483   30.0000   18.0000    1.9360    0.0742
    0.8273    0.5545    3.4398   30.0000   19.0000         0         0
    0.8244    0.5520    3.4235   30.0000   20.0000         0         0
    0.8242    0.5517    3.4206   30.0000   21.0000         0         0
    0.8247    0.5524    3.4182   30.0000   22.0000         0         0
    0.7698    0.5230    3.3389   30.0000   23.0000    0.5772    0.5017
    0.7428    0.5050    3.2984   30.0000   24.0000    0.9076    0.6507
    0.7367    0.5012    3.2815   30.0000   25.0000    1.0172    0.5804
    0.5450    0.3763    2.7194   30.0000   26.0000    1.9360    1.7113
    0.5324    0.3694    2.6920   30.0000   27.0000    1.9360    1.7497
    0.4883    0.3326    2.5664   30.0000   28.0000    1.9360    1.8318
    0.4590    0.3083    2.4862   30.0000   29.0000    1.9360    1.8525
    0.4452    0.3009    2.4571   30.0000   30.0000    1.9360    1.8405
    0.4575    0.3123    2.4165   30.0000   31.0000    1.9360    1.6053
    0.4638    0.3191    2.4094   30.0000   32.0000    1.9360    1.4877
    0.4741    0.3335    2.4102   30.0000   33.0000    1.9360    1.2707
    0.8202    0.5483    3.4264   31.0000    2.0000         0         0
    0.7776    0.5257    3.3447   31.0000    3.0000    0.3925    0.3669
    0.7326    0.5017    3.2516   31.0000    4.0000    0.8264    0.7362
    0.6771    0.4719    3.1288   31.0000    5.0000    1.2491    1.0531
    0.5482    0.3757    2.7268   31.0000    6.0000    1.9360    1.6724
    0.5412    0.3614    2.6099   31.0000    7.0000    1.9360    1.6183
    0.5319    0.3575    2.5390   31.0000    8.0000    1.9360    1.7512
    0.5295    0.3558    2.3965   31.0000    9.0000    1.9360    1.7301
    0.5311    0.3568    2.2717   31.0000   10.0000    1.9360    1.6764
    0.5321    0.3572    2.2593   31.0000   11.0000    1.9360    1.6824
    0.5350    0.3582    2.2395   31.0000   12.0000    1.9360    1.6862
    0.5518    0.3710    2.1280   31.0000   13.0000    1.9360    1.4500
    0.5597    0.3808    2.0800   31.0000   14.0000    1.9360    1.2537
    0.5728    0.3919    2.0562   31.0000   15.0000    1.9360    1.0864
    0.5904    0.4045    2.0426   31.0000   16.0000    1.9360    0.9022
    0.6208    0.4428    2.0254   31.0000   17.0000    1.9360    0.2883
    0.6400    0.4572    2.0337   31.0000   18.0000    1.9360    0.0699
    0.8197    0.5478    3.4241   31.0000   19.0000         0         0
    0.8168    0.5452    3.4078   31.0000   20.0000         0         0
    0.8166    0.5450    3.4049   31.0000   21.0000         0         0
    0.8171    0.5457    3.4024   31.0000   22.0000         0         0
    0.7623    0.5164    3.3234   31.0000   23.0000    0.5759    0.5005
    0.7354    0.4984    3.2829   31.0000   24.0000    0.9063    0.6498
    0.7293    0.4946    3.2660   31.0000   25.0000    1.0159    0.5796
    0.5386    0.3705    2.7049   31.0000   26.0000    1.9360    1.7066
    0.5262    0.3637    2.6776   31.0000   27.0000    1.9360    1.7446
    0.4826    0.3274    2.5526   31.0000   28.0000    1.9360    1.8251
    0.4537    0.3034    2.4728   31.0000   29.0000    1.9360    1.8448
    0.4400    0.2962    2.4438   31.0000   30.0000    1.9360    1.8323
    0.4572    0.3121    2.4067   31.0000   31.0000    1.9360    1.5018
    0.4634    0.3187    2.3996   31.0000   32.0000    1.9360    1.3845
    0.4736    0.3331    2.4003   31.0000   33.0000    1.9360    1.1680
    0.8190    0.5471    3.4233   32.0000    2.0000         0         0
    0.7763    0.5245    3.3416   32.0000    3.0000    0.3923    0.3667
    0.7314    0.5005    3.2485   32.0000    4.0000    0.8260    0.7359
    0.6759    0.4708    3.1258   32.0000    5.0000    1.2487    1.0527
    0.5472    0.3746    2.7238   32.0000    6.0000    1.9360    1.6717
    0.5401    0.3603    2.6070   32.0000    7.0000    1.9360    1.6175
    0.5308    0.3564    2.5361   32.0000    8.0000    1.9360    1.7505
    0.5285    0.3547    2.3935   32.0000    9.0000    1.9360    1.7293
    0.5300    0.3558    2.2688   32.0000   10.0000    1.9360    1.6756
    0.5310    0.3561    2.2564   32.0000   11.0000    1.9360    1.6816
    0.5340    0.3572    2.2365   32.0000   12.0000    1.9360    1.6855
    0.5508    0.3700    2.1251   32.0000   13.0000    1.9360    1.4492
    0.5587    0.3797    2.0770   32.0000   14.0000    1.9360    1.2530
    0.5717    0.3908    2.0532   32.0000   15.0000    1.9360    1.0856
    0.5894    0.4034    2.0397   32.0000   16.0000    1.9360    0.9014
    0.6197    0.4417    2.0225   32.0000   17.0000    1.9360    0.2876
    0.6389    0.4561    2.0308   32.0000   18.0000    1.9360    0.0692
    0.8184    0.5466    3.4209   32.0000   19.0000         0         0
    0.8156    0.5440    3.4047   32.0000   20.0000         0         0
    0.8153    0.5437    3.4017   32.0000   21.0000         0         0
    0.8158    0.5444    3.3993   32.0000   22.0000         0         0
    0.7611    0.5152    3.3203   32.0000   23.0000    0.5757    0.5003
    0.7342    0.4972    3.2798   32.0000   24.0000    0.9061    0.6497
    0.7281    0.4934    3.2629   32.0000   25.0000    1.0156    0.5795
    0.5376    0.3694    2.7020   32.0000   26.0000    1.9360    1.7058
    0.5252    0.3627    2.6746   32.0000   27.0000    1.9360    1.7437
    0.4817    0.3264    2.5498   32.0000   28.0000    1.9360    1.8240
    0.4528    0.3025    2.4700   32.0000   29.0000    1.9360    1.8434
    0.4392    0.2953    2.4411   32.0000   30.0000    1.9360    1.8309
    0.4564    0.3113    2.4041   32.0000   31.0000    1.9360    1.5003
    0.4641    0.3195    2.3981   32.0000   32.0000    1.9360    1.3533
    0.4743    0.3338    2.3987   32.0000   33.0000    1.9360    1.1369
    0.8195    0.5478    3.4225   33.0000    2.0000         0         0
    0.7769    0.5251    3.3408   33.0000    3.0000    0.3924    0.3668
    0.7319    0.5011    3.2477   33.0000    4.0000    0.8262    0.7360
    0.6764    0.4714    3.1250   33.0000    5.0000    1.2489    1.0529
    0.5476    0.3752    2.7230   33.0000    6.0000    1.9360    1.6721
    0.5406    0.3609    2.6062   33.0000    7.0000    1.9360    1.6179
    0.5313    0.3570    2.5353   33.0000    8.0000    1.9360    1.7509
    0.5289    0.3553    2.3927   33.0000    9.0000    1.9360    1.7297
    0.5305    0.3564    2.2680   33.0000   10.0000    1.9360    1.6760
    0.5315    0.3567    2.2555   33.0000   11.0000    1.9360    1.6820
    0.5345    0.3578    2.2357   33.0000   12.0000    1.9360    1.6858
    0.5513    0.3706    2.1243   33.0000   13.0000    1.9360    1.4496
    0.5592    0.3803    2.0762   33.0000   14.0000    1.9360    1.2534
    0.5722    0.3914    2.0524   33.0000   15.0000    1.9360    1.0860
    0.5898    0.4040    2.0389   33.0000   16.0000    1.9360    0.9018
    0.6202    0.4424    2.0217   33.0000   17.0000    1.9360    0.2879
    0.6394    0.4567    2.0300   33.0000   18.0000    1.9360    0.0695
    0.8190    0.5473    3.4201   33.0000   19.0000         0         0
    0.8161    0.5447    3.4039   33.0000   20.0000         0         0
    0.8159    0.5444    3.4009   33.0000   21.0000         0         0
    0.8164    0.5451    3.3985   33.0000   22.0000         0         0
    0.7617    0.5158    3.3195   33.0000   23.0000    0.5758    0.5004
    0.7348    0.4979    3.2790   33.0000   24.0000    0.9062    0.6497
    0.7286    0.4940    3.2621   33.0000   25.0000    1.0157    0.5796
    0.5381    0.3700    2.7012   33.0000   26.0000    1.9360    1.7062
    0.5256    0.3633    2.6738   33.0000   27.0000    1.9360    1.7442
    0.4821    0.3269    2.5489   33.0000   28.0000    1.9360    1.8245
    0.4532    0.3030    2.4692   33.0000   29.0000    1.9360    1.8441
    0.4396    0.2958    2.4403   33.0000   30.0000    1.9360    1.8316
    0.4568    0.3117    2.4033   33.0000   31.0000    1.9360    1.5010
    0.4644    0.3200    2.3973   33.0000   32.0000    1.9360    1.3541
    0.4762    0.3364    2.3993   33.0000   33.0000    1.9360    1.1060