    0.1926    0.1299    1.6423    2.0000    2.0000         0         0
    0.1686    0.1174    1.5267    2.0000    3.0000         0         0
    0.1572    0.1114    1.4527    2.0000    4.0000         0         0
    0.1462    0.1055    1.3785    2.0000    5.0000         0         0
    0.1076    0.0763    1.1479    2.0000    6.0000    0.3449    0.2411
    0.1032    0.0688    1.0949    2.0000    7.0000    0.4024    0.2291
    0.1006    0.0683    1.0317    2.0000    8.0000    0.3623    0.1882
    0.1022    0.0693    0.9536    2.0000    9.0000    0.2821    0.1027
    0.1065    0.0721    0.8997    2.0000   10.0000    0.1846    0.0382
    0.1080    0.0731    0.8958    2.0000   11.0000    0.1593    0.0307
    0.1116    0.0752    0.8938    2.0000   12.0000    0.1071    0.0177
    0.1232    0.0835    0.8669    2.0000   13.0000         0         0
    0.1256    0.0865    0.8474    2.0000   14.0000         0         0
    0.1294    0.0898    0.8318    2.0000   15.0000         0         0
    0.1348    0.0938    0.8186    2.0000   16.0000         0         0
    0.1457    0.1078    0.8107    2.0000   17.0000         0         0
    0.1522    0.1127    0.8195    2.0000   18.0000         0         0
    0.1934    0.1306    1.6370    2.0000   19.0000         0         0
    0.2022    0.1385    1.6449    2.0000   20.0000         0         0
    0.2051    0.1420    1.6513    2.0000   21.0000         0         0
    0.2111    0.1499    1.6566    2.0000   22.0000         0         0
    0.1663    0.1158    1.5153    2.0000   23.0000         0         0
    0.1632    0.1134    1.5001    2.0000   24.0000         0         0
    0.1665    0.1159    1.4935    2.0000   25.0000         0         0
    0.1053    0.0751    1.1302    2.0000   26.0000    0.3509    0.2373
    0.1027    0.0737    1.1091    2.0000   27.0000    0.3548    0.2286
    0.0914    0.0647    1.0194    2.0000   28.0000    0.4260    0.1876
    0.0845    0.0591    0.9623    2.0000   29.0000    0.4636    0.1326
    0.0842    0.0592    0.9494    2.0000   30.0000    0.4377    0.0995
    0.0952    0.0676    0.9599    2.0000   31.0000    0.3124    0.0080
    0.1006    0.0721    0.9714    2.0000   32.0000    0.2624         0
    0.1094    0.0810    0.9948    2.0000   33.0000    0.1906         0
    0.1599    0.1128    1.4880    3.0000    2.0000         0         0
    0.1482    0.1066    1.3741    3.0000    3.0000         0         0
    0.1371    0.1007    1.3006    3.0000    4.0000         0         0
    0.1263    0.0951    1.2269    3.0000    5.0000         0         0
    0.0966    0.0714    1.0362    3.0000    6.0000    0.1677    0.1175
    0.0922    0.0642    0.9921    3.0000    7.0000    0.2249    0.1283
    0.0900    0.0639    0.9323    3.0000    8.0000    0.1851    0.0963
    0.0923    0.0654    0.8631    3.0000    9.0000    0.1053    0.0383
    0.0977    0.0691    0.8174    3.0000   10.0000    0.0083    0.0017
    0.0984    0.0695    0.8078    3.0000   11.0000         0         0
    0.0992    0.0697    0.7867    3.0000   12.0000         0         0
    0.1039    0.0734    0.7185    3.0000   13.0000         0         0
    0.1063    0.0764    0.6990    3.0000   14.0000         0         0
    0.1100    0.0797    0.6834    3.0000   15.0000         0         0
    0.1153    0.0835    0.6703    3.0000   16.0000         0         0
    0.1259    0.0973    0.6806    3.0000   17.0000         0         0
    0.1323    0.1022    0.6900    3.0000   18.0000         0         0
    0.1606    0.1135    1.4828    3.0000   19.0000         0         0
    0.1695    0.1215    1.4908    3.0000   20.0000         0         0
    0.1724    0.1249    1.4972    3.0000   21.0000         0         0
    0.1784    0.1328    1.5025    3.0000   22.0000         0         0
    0.1460    0.1051    1.3628    3.0000   23.0000         0         0
    0.1429    0.1027    1.3477    3.0000   24.0000         0         0
    0.1462    0.1052    1.3411    3.0000   25.0000         0         0
    0.0947    0.0703    1.0197    3.0000   26.0000    0.1737    0.1176
    0.0926    0.0692    1.0001    3.0000   27.0000    0.1776    0.1146
    0.0828    0.0614    0.9180    3.0000   28.0000    0.2484    0.1095
    0.0768    0.0567    0.8657    3.0000   29.0000    0.2857    0.0815
    0.0772    0.0572    0.8543    3.0000   30.0000    0.2599    0.0587
    0.0892    0.0664    0.8685    3.0000   31.0000    0.1353    0.0030
    0.0951    0.0713    0.8809    3.0000   32.0000    0.0855         0
    0.1047    0.0808    0.9053    3.0000   33.0000    0.0140         0
    0.1441    0.1045    1.3894    4.0000    2.0000         0         0
    0.1327    0.0985    1.2760    4.0000    3.0000         0         0
    0.1306    0.0972    1.2043    4.0000    4.0000         0         0
    0.1201    0.0916    1.1310    4.0000    5.0000         0         0
    0.0965    0.0719    0.9695    4.0000    6.0000    0.0370    0.0260
    0.0923    0.0651    0.9321    4.0000    7.0000    0.0940    0.0537
    0.0905    0.0651    0.8747    4.0000    8.0000    0.0543    0.0283
    0.0922    0.0662    0.8039    4.0000    9.0000         0         0
    0.0924    0.0663    0.7266    4.0000   10.0000         0         0
    0.0927    0.0664    0.7138    4.0000   11.0000         0         0
    0.0934    0.0667    0.6928    4.0000   12.0000         0         0
    0.0981    0.0703    0.6248    4.0000   13.0000         0         0
    0.1004    0.0733    0.6054    4.0000   14.0000         0         0
    0.1040    0.0765    0.5899    4.0000   15.0000         0         0
    0.1092    0.0802    0.5799    4.0000   16.0000         0         0
    0.1197    0.0939    0.6037    4.0000   17.0000         0         0
    0.1260    0.0987    0.6122    4.0000   18.0000         0         0
    0.1449    0.1052    1.3842    4.0000   19.0000         0         0
    0.1537    0.1132    1.3923    4.0000   20.0000         0         0
    0.1566    0.1166    1.3986    4.0000   21.0000         0         0
    0.1626    0.1245    1.4039    4.0000   22.0000         0         0
    0.1305    0.0969    1.2647    4.0000   23.0000         0         0
    0.1275    0.0945    1.2496    4.0000   24.0000         0         0
    0.1307    0.0971    1.2430    4.0000   25.0000         0         0
    0.0950    0.0710    0.9539    4.0000   26.0000    0.0429    0.0291
    0.0933    0.0701    0.9354    4.0000   27.0000    0.0468    0.0303
    0.0848    0.0636    0.8591    4.0000   28.0000    0.1173    0.0518
    0.0797    0.0595    0.8105    4.0000   29.0000    0.1545    0.0441
    0.0808    0.0604    0.8003    4.0000   30.0000    0.1288    0.0290
    0.0939    0.0705    0.8173    4.0000   31.0000    0.0046    0.0001
    0.0963    0.0731    0.8153    4.0000   32.0000         0         0
    0.1000    0.0785    0.8157    4.0000   33.0000         0         0
    0.1290    0.0965    1.2906    5.0000    2.0000         0         0
    0.1178    0.0906    1.1776    5.0000    3.0000         0         0
    0.1159    0.0894    1.1063    5.0000    4.0000         0         0
    0.1147    0.0887    1.0355    5.0000    5.0000         0         0
    0.0932    0.0703    0.8829    5.0000    6.0000         0         0
    0.0915    0.0654    0.8626    5.0000    7.0000         0         0
    0.0883    0.0643    0.7960    5.0000    8.0000         0         0
    0.0874    0.0636    0.7101    5.0000    9.0000         0         0
    0.0876    0.0637    0.6331    5.0000   10.0000         0         0
    0.0879    0.0638    0.6204    5.0000   11.0000         0         0
    0.0886    0.0641    0.5994    5.0000   12.0000         0         0
    0.0932    0.0676    0.5317    5.0000   13.0000         0         0
    0.0955    0.0706    0.5124    5.0000   14.0000         0         0
    0.0990    0.0737    0.5001    5.0000   15.0000         0         0
    0.1041    0.0775    0.5116    5.0000   16.0000         0         0
    0.1144    0.0909    0.5353    5.0000   17.0000         0         0
    0.1206    0.0957    0.5436    5.0000   18.0000         0         0
    0.1297    0.0972    1.2853    5.0000   19.0000         0         0
    0.1385    0.1052    1.2935    5.0000   20.0000         0         0
    0.1414    0.1086    1.2999    5.0000   21.0000         0         0
    0.1474    0.1165    1.3051    5.0000   22.0000         0         0
    0.1156    0.0891    1.1663    5.0000   23.0000         0         0
    0.1125    0.0867    1.1512    5.0000   24.0000         0         0
    0.1158    0.0892    1.1446    5.0000   25.0000         0         0
    0.0920    0.0696    0.8689    5.0000   26.0000         0         0
    0.0907    0.0689    0.8517    5.0000   27.0000         0         0
    0.0871    0.0658    0.7970    5.0000   28.0000         0         0
    0.0842    0.0635    0.7573    5.0000   29.0000    0.0183    0.0052
    0.0856    0.0645    0.7462    5.0000   30.0000         0         0
    0.0894    0.0681    0.7249    5.0000   31.0000         0         0
    0.0915    0.0705    0.7214    5.0000   32.0000         0         0
    0.0950    0.0757    0.7217    5.0000   33.0000         0         0
    0.0976    0.0700    1.0648    6.0000    2.0000         0         0
    0.0870    0.0644    0.9530    6.0000    3.0000         0         0
    0.0855    0.0635    0.8825    6.0000    4.0000         0         0
    0.0847    0.0630    0.8126    6.0000    5.0000         0         0
    0.0840    0.0625    0.6699    6.0000    6.0000         0         0
    0.0824    0.0578    0.6498    6.0000    7.0000         0         0
    0.0794    0.0567    0.5839    6.0000    8.0000         0         0
    0.0785    0.0560    0.4990    6.0000    9.0000         0         0
    0.0787    0.0562    0.4227    6.0000   10.0000         0         0
    0.0789    0.0563    0.4102    6.0000   11.0000         0         0
    0.0797    0.0565    0.3897    6.0000   12.0000         0         0
    0.0841    0.0599    0.3501    6.0000   13.0000         0         0
    0.0863    0.0628    0.3689    6.0000   14.0000         0         0
    0.0897    0.0658    0.3878    6.0000   15.0000         0         0
    0.0946    0.0694    0.4055    6.0000   16.0000         0         0
    0.1101    0.0865    0.4228    6.0000   17.0000   -0.0830         0
    0.1291    0.1009    0.4368    6.0000   18.0000   -0.2298         0
    0.0983    0.0707    1.0595    6.0000   19.0000         0         0
    0.1072    0.0786    1.0678    6.0000   20.0000         0         0
    0.1101    0.0820    1.0742    6.0000   21.0000         0         0
    0.1161    0.0900    1.0795    6.0000   22.0000         0         0
    0.0848    0.0629    0.9417    6.0000   23.0000         0         0
    0.0817    0.0605    0.9266    6.0000   24.0000         0         0
    0.0850    0.0630    0.9200    6.0000   25.0000         0         0
    0.0829    0.0619    0.6560    6.0000   26.0000         0         0
    0.0817    0.0612    0.6391    6.0000   27.0000         0         0
    0.0782    0.0582    0.5849    6.0000   28.0000         0         0
    0.0767    0.0569    0.5511    6.0000   29.0000         0         0
    0.0768    0.0569    0.5347    6.0000   30.0000         0         0
    0.0804    0.0605    0.5136    6.0000   31.0000         0         0
    0.0824    0.0627    0.5100    6.0000   32.0000         0         0
    0.0858    0.0678    0.5103    6.0000   33.0000         0         0
    0.0956    0.0643    1.0179    7.0000    2.0000         0         0
    0.0850    0.0588    0.9063    7.0000    3.0000         0         0
    0.0835    0.0580    0.8360    7.0000    4.0000         0         0
    0.0828    0.0575    0.7662    7.0000    5.0000         0         0
    0.0822    0.0571    0.6239    7.0000    6.0000         0         0
    0.0855    0.0674    0.6088    7.0000    7.0000         0         0
    0.0825    0.0664    0.5432    7.0000    8.0000         0         0
    0.0816    0.0658    0.4585    7.0000    9.0000         0         0
    0.0818    0.0659    0.3860    7.0000   10.0000         0         0
    0.0821    0.0660    0.3778    7.0000   11.0000         0         0
    0.0828    0.0662    0.3629    7.0000   12.0000         0         0
    0.0871    0.0696    0.3606    7.0000   13.0000         0         0
    0.0893    0.0724    0.3815    7.0000   14.0000         0         0
    0.0927    0.0753    0.3992    7.0000   15.0000         0         0
    0.0976    0.0788    0.4154    7.0000   16.0000         0         0
    0.1216    0.1016    0.4204    7.0000   17.0000   -0.1920         0
    0.1431    0.1174    0.4390    7.0000   18.0000   -0.3384         0
    0.0963    0.0650    1.0126    7.0000   19.0000         0         0
    0.1051    0.0730    1.0209    7.0000   20.0000         0         0
    0.1081    0.0764    1.0273    7.0000   21.0000         0         0
    0.1140    0.0843    1.0326    7.0000   22.0000         0         0
    0.0828    0.0573    0.8950    7.0000   23.0000         0         0
    0.0797    0.0549    0.8799    7.0000   24.0000         0         0
    0.0830    0.0574    0.8733    7.0000   25.0000         0         0
    0.0810    0.0565    0.6100    7.0000   26.0000         0         0
    0.0798    0.0558    0.5931    7.0000   27.0000         0         0
    0.0764    0.0528    0.5390    7.0000   28.0000         0         0
    0.0748    0.0515    0.5052    7.0000   29.0000         0         0
    0.0749    0.0515    0.4887    7.0000   30.0000         0         0
    0.0786    0.0551    0.4676    7.0000   31.0000         0         0
    0.0805    0.0573    0.4641    7.0000   32.0000         0         0
    0.0839    0.0624    0.4643    7.0000   33.0000         0         0
    0.0923    0.0631    0.9334    8.0000    2.0000         0         0
    0.0818    0.0577    0.8222    8.0000    3.0000         0         0
    0.0803    0.0568    0.7522    8.0000    4.0000         0         0
    0.0796    0.0564    0.6827    8.0000    5.0000         0         0
    0.0791    0.0560    0.5410    8.0000    6.0000         0         0
    0.0825    0.0664    0.5261    8.0000    7.0000         0         0
    0.0962    0.0707    0.4739    8.0000    8.0000         0         0
    0.0954    0.0701    0.4004    8.0000    9.0000         0         0
    0.0956    0.0703    0.3687    8.0000   10.0000         0         0
    0.0958    0.0703    0.3655    8.0000   11.0000         0         0
    0.0965    0.0705    0.3658    8.0000   12.0000         0         0
    0.1007    0.0738    0.4270    8.0000   13.0000         0         0
    0.1028    0.0766    0.4474    8.0000   14.0000         0         0
    0.1086    0.0812    0.4546    8.0000   15.0000   -0.0452         0
    0.1226    0.0909    0.4387    8.0000   16.0000   -0.1816         0
    0.1554    0.1213    0.4229    8.0000   17.0000   -0.4107         0
    0.1820    0.1417    0.4552    8.0000   18.0000   -0.5565         0
    0.0930    0.0638    0.9282    8.0000   19.0000         0         0
    0.1018    0.0718    0.9365    8.0000   20.0000         0         0
    0.1048    0.0752    0.9429    8.0000   21.0000         0         0
    0.1108    0.0831    0.9482    8.0000   22.0000         0         0
    0.0796    0.0561    0.8109    8.0000   23.0000         0         0
    0.0765    0.0537    0.7959    8.0000   24.0000         0         0
    0.0797    0.0562    0.7892    8.0000   25.0000         0         0
    0.0780    0.0554    0.5272    8.0000   26.0000         0         0
    0.0767    0.0547    0.5102    8.0000   27.0000         0         0
    0.0733    0.0517    0.4561    8.0000   28.0000         0         0
    0.0717    0.0504    0.4223    8.0000   29.0000         0         0
    0.0719    0.0505    0.4059    8.0000   30.0000         0         0
    0.0755    0.0540    0.3847    8.0000   31.0000         0         0
    0.0775    0.0562    0.3812    8.0000   32.0000         0         0
    0.0809    0.0613    0.3814    8.0000   33.0000         0         0
    0.0925    0.0633    0.8129    9.0000    2.0000         0         0
    0.0820    0.0578    0.7022    9.0000    3.0000         0         0
    0.0806    0.0570    0.6326    9.0000    4.0000         0         0
    0.0798    0.0565    0.5635    9.0000    5.0000         0         0
    0.0793    0.0561    0.4263    9.0000    6.0000         0         0
    0.0827    0.0665    0.4141    9.0000    7.0000         0         0
    0.0964    0.0709    0.3867    9.0000    8.0000         0         0
    0.1191    0.0870    0.3835    9.0000    9.0000         0         0
    0.1193    0.0872    0.4381    9.0000   10.0000         0         0
    0.1195    0.0872    0.4506    9.0000   11.0000         0         0
    0.1218    0.0884    0.4659    9.0000   12.0000   -0.0382   -0.0081
    0.1365    0.0986    0.5011    9.0000   13.0000   -0.2231         0
    0.1436    0.1051    0.5050    9.0000   14.0000   -0.2882         0
    0.1557    0.1143    0.4993    9.0000   15.0000   -0.3875         0
    0.1754    0.1284    0.4829    9.0000   16.0000   -0.5229         0
    0.2212    0.1706    0.4488    9.0000   17.0000   -0.7506         0
    0.2573    0.1988    0.5366    9.0000   18.0000   -0.8954         0
    0.0932    0.0640    0.8076    9.0000   19.0000         0         0
    0.1021    0.0719    0.8160    9.0000   20.0000         0         0
    0.1050    0.0753    0.8223    9.0000   21.0000         0         0
    0.1110    0.0833    0.8276    9.0000   22.0000         0         0
    0.0798    0.0563    0.6909    9.0000   23.0000         0         0
    0.0767    0.0539    0.6758    9.0000   24.0000         0         0
    0.0800    0.0564    0.6692    9.0000   25.0000         0         0
    0.0782    0.0555    0.4125    9.0000   26.0000         0         0
    0.0770    0.0549    0.3956    9.0000   27.0000         0         0
    0.0735    0.0519    0.3416    9.0000   28.0000         0         0
    0.0720    0.0506    0.3079    9.0000   29.0000         0         0
    0.0721    0.0506    0.2914    9.0000   30.0000         0         0
    0.0757    0.0541    0.2701    9.0000   31.0000         0         0
    0.0777    0.0564    0.2665    9.0000   32.0000         0         0
    0.0811    0.0615    0.2665    9.0000   33.0000         0         0
    0.0942    0.0645    0.7055   10.0000    2.0000         0         0
    0.0837    0.0590    0.5952   10.0000    3.0000         0         0
    0.0822    0.0582    0.5259   10.0000    4.0000         0         0
    0.0815    0.0577    0.4619   10.0000    5.0000         0         0
    0.0809    0.0573    0.3641   10.0000    6.0000         0         0
    0.0843    0.0677    0.3628   10.0000    7.0000         0         0
    0.0980    0.0720    0.3892   10.0000    8.0000         0         0
    0.1206    0.0881    0.4683   10.0000    9.0000         0         0
    0.1570    0.1130    0.5048   10.0000   10.0000   -0.3023   -0.0770
    0.1589    0.1141    0.5137   10.0000   11.0000   -0.3264   -0.0784
    0.1632    0.1164    0.5270   10.0000   12.0000   -0.3760   -0.0800
    0.1851    0.1319    0.5504   10.0000   13.0000   -0.5593         0
    0.1955    0.1415    0.5464   10.0000   14.0000   -0.6239         0
    0.2122    0.1544    0.5357   10.0000   15.0000   -0.7225         0
    0.2389    0.1737    0.5210   10.0000   16.0000   -0.8569         0
    0.3004    0.2311    0.5454   10.0000   17.0000   -1.0833         0
    0.3481    0.2686    0.6477   10.0000   18.0000   -1.2272         0
    0.0950    0.0652    0.7002   10.0000   19.0000         0         0
    0.1038    0.0731    0.7086   10.0000   20.0000         0         0
    0.1067    0.0765    0.7149   10.0000   21.0000         0         0
    0.1127    0.0845    0.7202   10.0000   22.0000         0         0
    0.0815    0.0575    0.5839   10.0000   23.0000         0         0
    0.0784    0.0551    0.5689   10.0000   24.0000         0         0
    0.0817    0.0576    0.5622   10.0000   25.0000         0         0
    0.0798    0.0567    0.3504   10.0000   26.0000         0         0
    0.0786    0.0560    0.3337   10.0000   27.0000         0         0
    0.0752    0.0530    0.2803   10.0000   28.0000         0         0
    0.0736    0.0517    0.2468   10.0000   29.0000         0         0
    0.0737    0.0518    0.2304   10.0000   30.0000         0         0
    0.0773    0.0553    0.2084   10.0000   31.0000         0         0
    0.0793    0.0575    0.2045   10.0000   32.0000         0         0
    0.0827    0.0626    0.2038   10.0000   33.0000         0         0
    0.0948    0.0647    0.6896   11.0000    2.0000         0         0
    0.0843    0.0592    0.5794   11.0000    3.0000         0         0
    0.0828    0.0583    0.5101   11.0000    4.0000         0         0
    0.0821    0.0579    0.4528   11.0000    5.0000         0         0
    0.0815    0.0574    0.3606   11.0000    6.0000         0         0
    0.0849    0.0678    0.3626   11.0000    7.0000         0         0
    0.0986    0.0722    0.4050   11.0000    8.0000         0         0
    0.1212    0.0882    0.4840   11.0000    9.0000         0         0
    0.1575    0.1131    0.5205   11.0000   10.0000   -0.3017   -0.0768
    0.1666    0.1176    0.5229   11.0000   11.0000   -0.3831   -0.0922
    0.1712    0.1201    0.5360   11.0000   12.0000   -0.4326   -0.0922
    0.1945    0.1367    0.5568   11.0000   13.0000   -0.6157         0
    0.2055    0.1470    0.5514   11.0000   14.0000   -0.6802         0
    0.2231    0.1606    0.5422   11.0000   15.0000   -0.7787         0
    0.2511    0.1810    0.5271   11.0000   16.0000   -0.9129         0
    0.3155    0.2414    0.5654   11.0000   17.0000   -1.1391         0
    0.3653    0.2808    0.6695   11.0000   18.0000   -1.2828    0.0176
    0.0956    0.0654    0.6843   11.0000   19.0000         0         0
    0.1044    0.0733    0.6927   11.0000   20.0000         0         0
    0.1073    0.0767    0.6990   11.0000   21.0000         0         0
    0.1133    0.0847    0.7043   11.0000   22.0000         0         0
    0.0820    0.0576    0.5681   11.0000   23.0000         0         0
    0.0790    0.0553    0.5530   11.0000   24.0000         0         0
    0.0822    0.0578    0.5464   11.0000   25.0000         0         0
    0.0804    0.0569    0.3470   11.0000   26.0000         0         0
    0.0791    0.0562    0.3303   11.0000   27.0000         0         0
    0.0757    0.0532    0.2771   11.0000   28.0000         0         0
    0.0741    0.0519    0.2437   11.0000   29.0000         0         0
    0.0743    0.0519    0.2272   11.0000   30.0000         0         0
    0.0779    0.0555    0.2051   11.0000   31.0000         0         0
    0.0799    0.0577    0.2010   11.0000   32.0000         0         0
    0.0833    0.0628    0.2002   11.0000   33.0000         0         0
    0.0963    0.0652    0.6635   12.0000    2.0000         0         0
    0.0858    0.0596    0.5534   12.0000    3.0000         0         0
    0.0843    0.0588    0.4883   12.0000    4.0000         0         0
    0.0835    0.0583    0.4342   12.0000    5.0000         0         0
    0.0829    0.0579    0.3652   12.0000    6.0000         0         0
    0.0863    0.0683    0.3745   12.0000    7.0000         0         0
    0.0999    0.0726    0.4311   12.0000    8.0000         0         0
    0.1225    0.0886    0.5099   12.0000    9.0000         0         0
    0.1587    0.1135    0.5466   12.0000   10.0000   -0.3001   -0.0764
    0.1678    0.1179    0.5491   12.0000   11.0000   -0.3814   -0.0918
    0.1870    0.1276    0.5492   12.0000   12.0000   -0.5392   -0.1151
    0.2131    0.1464    0.5651   12.0000   13.0000   -0.7218         0
    0.2254    0.1580    0.5598   12.0000   14.0000   -0.7862         0
    0.2447    0.1731    0.5514   12.0000   15.0000   -0.8845         0
    0.2752    0.1955    0.5348   12.0000   16.0000   -1.0183         0
    0.3456    0.2621    0.6076   12.0000   17.0000   -1.2441         0
    0.3996    0.3051    0.7153   12.0000   18.0000   -1.3876    0.1437
    0.0971    0.0659    0.6583   12.0000   19.0000         0         0
    0.1059    0.0738    0.6666   12.0000   20.0000         0         0
    0.1088    0.0772    0.6730   12.0000   21.0000         0         0
    0.1148    0.0851    0.6782   12.0000   22.0000         0         0
    0.0835    0.0581    0.5421   12.0000   23.0000         0         0
    0.0805    0.0557    0.5271   12.0000   24.0000         0         0
    0.0837    0.0582    0.5204   12.0000   25.0000         0         0
    0.0818    0.0573    0.3516   12.0000   26.0000         0         0
    0.0805    0.0566    0.3350   12.0000   27.0000         0         0
    0.0771    0.0536    0.2821   12.0000   28.0000         0         0
    0.0755    0.0523    0.2488   12.0000   29.0000         0         0
    0.0757    0.0524    0.2323   12.0000   30.0000         0         0
    0.0793    0.0559    0.2099   12.0000   31.0000         0         0
    0.0813    0.0581    0.2057   12.0000   32.0000         0         0
    0.0847    0.0632    0.2044   12.0000   33.0000         0         0
    0.1041    0.0713    0.5951   13.0000    2.0000         0         0
    0.0935    0.0657    0.5297   13.0000    3.0000         0         0
    0.0919    0.0648    0.4992   13.0000    4.0000         0         0
    0.0910    0.0642    0.4803   13.0000    5.0000         0         0
    0.0902    0.0636    0.4608   13.0000    6.0000         0         0
    0.0936    0.0739    0.4729   13.0000    7.0000         0         0
    0.1071    0.0782    0.5285   13.0000    8.0000         0         0
    0.1295    0.0941    0.6067   13.0000    9.0000         0         0
    0.1651    0.1185    0.6449   13.0000   10.0000   -0.2894   -0.0735
    0.1741    0.1230    0.6474   13.0000   11.0000   -0.3705   -0.0889
    0.1932    0.1326    0.6478   13.0000   12.0000   -0.5278   -0.1123
    0.3023    0.2109    0.6114   13.0000   13.0000   -1.1732         0
    0.3213    0.2293    0.6046   13.0000   14.0000   -1.2369         0
    0.3494    0.2515    0.6052   13.0000   15.0000   -1.3342         0
    0.3930    0.2835    0.6283   13.0000   16.0000   -1.4668         0
    0.4942    0.3801    0.8173   13.0000   17.0000   -1.6910    0.2512
    0.5702    0.4408    0.9456   13.0000   18.0000   -1.8332    0.7181
    0.1049    0.0720    0.5898   13.0000   19.0000         0         0
    0.1137    0.0799    0.5980   13.0000   20.0000         0         0
    0.1166    0.0833    0.6044   13.0000   21.0000         0         0
    0.1226    0.0913    0.6096   13.0000   22.0000         0         0
    0.0912    0.0641    0.5185   13.0000   23.0000         0         0
    0.0882    0.0618    0.5037   13.0000   24.0000         0         0
    0.0914    0.0643    0.4968   13.0000   25.0000         0         0
    0.0891    0.0630    0.4474   13.0000   26.0000         0         0
    0.0879    0.0624    0.4309   13.0000   27.0000         0         0
    0.0844    0.0594    0.3782   13.0000   28.0000         0         0
    0.0829    0.0581    0.3450   13.0000   29.0000         0         0
    0.0830    0.0581    0.3285   13.0000   30.0000         0         0
    0.0866    0.0617    0.3058   13.0000   31.0000         0         0
    0.0886    0.0639    0.3014   13.0000   32.0000         0         0
    0.0920    0.0690    0.2998   13.0000   33.0000         0         0
    0.1077    0.0759    0.6273   14.0000    2.0000         0         0
    0.0970    0.0703    0.5651   14.0000    3.0000         0         0
    0.0954    0.0694    0.5341   14.0000    4.0000         0         0
    0.0945    0.0688    0.5142   14.0000    5.0000         0         0
    0.0936    0.0681    0.4942   14.0000    6.0000         0         0
    0.0969    0.0783    0.5063   14.0000    7.0000         0         0
    0.1104    0.0825    0.5615   14.0000    8.0000         0         0
    0.1327    0.0984    0.6394   14.0000    9.0000         0         0
    0.1680    0.1226    0.6784   14.0000   10.0000   -0.2833   -0.0718
    0.1770    0.1270    0.6810   14.0000   11.0000   -0.3642   -0.0872
    0.1960    0.1367    0.6816   14.0000   12.0000   -0.5213   -0.1107
    0.3048    0.2147    0.6462   14.0000   13.0000   -1.1651         0
    0.3659    0.2684    0.6423   14.0000   14.0000   -1.4152         0
    0.3984    0.2938    0.6451   14.0000   15.0000   -1.5122         0
    0.4482    0.3302    0.6984   14.0000   16.0000   -1.6443         0
    0.5647    0.4411    0.9160   14.0000   17.0000   -1.8678    0.4498
    0.6202    0.4850    0.9964   14.0000   18.0000   -1.9360    0.7691
    0.1085    0.0766    0.6221   14.0000   19.0000         0         0
    0.1173    0.0846    0.6302   14.0000   20.0000         0         0
    0.1202    0.0880    0.6366   14.0000   21.0000         0         0
    0.1262    0.0959    0.6418   14.0000   22.0000         0         0
    0.0947    0.0688    0.5540   14.0000   23.0000         0         0
    0.0917    0.0664    0.5391   14.0000   24.0000         0         0
    0.0949    0.0689    0.5323   14.0000   25.0000         0         0
    0.0925    0.0675    0.4808   14.0000   26.0000         0         0
    0.0912    0.0668    0.4643   14.0000   27.0000         0         0
    0.0878    0.0638    0.4115   14.0000   28.0000         0         0
    0.0862    0.0625    0.3784   14.0000   29.0000         0         0
    0.0863    0.0626    0.3619   14.0000   30.0000         0         0
    0.0900    0.0661    0.3392   14.0000   31.0000         0         0
    0.0919    0.0683    0.3347   14.0000   32.0000         0         0
    0.0954    0.0735    0.3332   14.0000   33.0000         0         0
    0.1131    0.0806    0.6552   15.0000    2.0000         0         0
    0.1022    0.0749    0.5929   15.0000    3.0000         0         0
    0.1006    0.0740    0.5611   15.0000    4.0000         0         0
    0.0996    0.0734    0.5401   15.0000    5.0000         0         0
    0.0986    0.0725    0.5196   15.0000    6.0000         0         0
    0.1019    0.0827    0.5316   15.0000    7.0000         0         0
    0.1153    0.0869    0.5864   15.0000    8.0000         0         0
    0.1374    0.1026    0.6642   15.0000    9.0000         0         0
    0.1724    0.1266    0.7042   15.0000   10.0000   -0.2756   -0.0698
    0.1813    0.1310    0.7069   15.0000   11.0000   -0.3564   -0.0852
    0.2003    0.1406    0.7075   15.0000   12.0000   -0.5131   -0.1087
    0.3085    0.2183    0.6732   15.0000   13.0000   -1.1551         0
    0.3694    0.2717    0.6698   15.0000   14.0000   -1.4043         0
    0.4521    0.3351    0.6958   15.0000   15.0000   -1.6837         0
    0.5086    0.3763    0.7874   15.0000   16.0000   -1.8154         0
    0.6018    0.4714    0.9479   15.0000   17.0000   -1.9360    0.4070
    0.6314    0.4945    0.9778   15.0000   18.0000   -1.9360    0.5612
    0.1138    0.0813    0.6499   15.0000   19.0000         0         0
    0.1226    0.0893    0.6580   15.0000   20.0000         0         0
    0.1255    0.0927    0.6644   15.0000   21.0000         0         0
    0.1315    0.1006    0.6696   15.0000   22.0000         0         0
    0.1000    0.0734    0.5817   15.0000   23.0000         0         0
    0.0970    0.0710    0.5668   15.0000   24.0000         0         0
    0.1002    0.0735    0.5600   15.0000   25.0000         0         0
    0.0975    0.0719    0.5061   15.0000   26.0000         0         0
    0.0962    0.0713    0.4896   15.0000   27.0000         0         0
    0.0928    0.0683    0.4369   15.0000   28.0000         0         0
    0.0912    0.0670    0.4037   15.0000   29.0000         0         0
    0.0913    0.0670    0.3872   15.0000   30.0000         0         0
    0.0950    0.0706    0.3645   15.0000   31.0000         0         0
    0.0969    0.0728    0.3601   15.0000   32.0000         0         0
    0.1004    0.0779    0.3585   15.0000   33.0000         0         0
    0.1204    0.0860    0.6802   16.0000    2.0000         0         0
    0.1095    0.0802    0.6178   16.0000    3.0000         0         0
    0.1077    0.0792    0.5852   16.0000    4.0000         0         0
    0.1067    0.0785    0.5628   16.0000    5.0000         0         0
    0.1055    0.0775    0.5416   16.0000    6.0000         0         0
    0.1088    0.0877    0.5536   16.0000    7.0000         0         0
    0.1220    0.0917    0.6079   16.0000    8.0000         0         0
    0.1440    0.1073    0.6857   16.0000    9.0000         0         0
    0.1784    0.1310    0.7270   16.0000   10.0000   -0.2658   -0.0671
    0.1873    0.1353    0.7297   16.0000   11.0000   -0.3463   -0.0826
    0.2061    0.1449    0.7305   16.0000   12.0000   -0.5025   -0.1062
    0.3137    0.2221    0.6972   16.0000   13.0000   -1.1422         0
    0.3742    0.2752    0.6943   16.0000   14.0000   -1.3903         0
    0.4564    0.3382    0.7158   16.0000   15.0000   -1.6688         0
    0.5623    0.4155    0.8535   16.0000   16.0000   -1.9360         0
    0.6180    0.4827    0.9364   16.0000   17.0000   -1.9360    0.1666
    0.6467    0.5051    0.9655   16.0000   18.0000   -1.9360    0.3169
    0.1212    0.0867    0.6749   16.0000   19.0000         0         0
    0.1300    0.0946    0.6830   16.0000   20.0000         0         0
    0.1329    0.0980    0.6894   16.0000   21.0000         0         0
    0.1389    0.1059    0.6946   16.0000   22.0000         0         0
    0.1073    0.0787    0.6066   16.0000   23.0000         0         0
    0.1042    0.0763    0.5918   16.0000   24.0000         0         0
    0.1074    0.0788    0.5849   16.0000   25.0000         0         0
    0.1044    0.0770    0.5281   16.0000   26.0000         0         0
    0.1031    0.0763    0.5116   16.0000   27.0000         0         0
    0.0997    0.0733    0.4589   16.0000   28.0000         0         0
    0.0981    0.0720    0.4257   16.0000   29.0000         0         0
    0.0983    0.0720    0.4092   16.0000   30.0000         0         0
    0.1019    0.0756    0.3865   16.0000   31.0000         0         0
    0.1039    0.0778    0.3821   16.0000   32.0000         0         0
    0.1073    0.0829    0.3805   16.0000   33.0000         0         0
    0.1343    0.1045    0.7128   17.0000    2.0000         0         0
    0.1232    0.0985    0.6503   17.0000    3.0000         0         0
    0.1213    0.0974    0.6161   17.0000    4.0000         0         0
    0.1201    0.0966    0.5909   17.0000    5.0000         0         0
    0.1186    0.0953    0.5673   17.0000    6.0000         0         0
    0.1218    0.1052    0.5793   17.0000    7.0000         0         0
    0.1348    0.1091    0.6327   17.0000    8.0000         0         0
    0.1564    0.1244    0.7104   17.0000    9.0000         0         0
    0.1896    0.1472    0.7549   17.0000   10.0000   -0.2417   -0.0607
    0.1985    0.1515    0.7578   17.0000   11.0000   -0.3217   -0.0762
    0.2171    0.1609    0.7588   17.0000   12.0000   -0.4769   -0.1000
    0.3234    0.2376    0.7279   17.0000   13.0000   -1.1106         0
    0.3831    0.2901    0.7258   17.0000   14.0000   -1.3557         0
    0.4642    0.3525    0.7473   17.0000   15.0000   -1.6317         0
    0.5810    0.4381    0.8648   17.0000   16.0000   -1.9360         0
    0.6562    0.5285    0.9438   17.0000   17.0000   -1.9360         0
    0.6836    0.5495    0.9714   17.0000   18.0000   -1.9360         0
    0.1351    0.1052    0.7075   17.0000   19.0000         0         0
    0.1439    0.1131    0.7156   17.0000   20.0000         0         0
    0.1468    0.1166    0.7219   17.0000   21.0000         0         0
    0.1528    0.1245    0.7271   17.0000   22.0000         0         0
    0.1210    0.0970    0.6391   17.0000   23.0000         0         0
    0.1179    0.0946    0.6242   17.0000   24.0000         0         0
    0.1211    0.0971    0.6174   17.0000   25.0000         0         0
    0.1175    0.0947    0.5539   17.0000   26.0000         0         0
    0.1162    0.0940    0.5373   17.0000   27.0000         0         0
    0.1128    0.0910    0.4846   17.0000   28.0000         0         0
    0.1112    0.0897    0.4514   17.0000   29.0000         0         0
    0.1113    0.0897    0.4349   17.0000   30.0000         0         0
    0.1150    0.0933    0.4122   17.0000   31.0000         0         0
    0.1169    0.0955    0.4078   17.0000   32.0000         0         0
    0.1204    0.1006    0.4062   17.0000   33.0000         0         0
    0.1427    0.1109    0.7206   18.0000    2.0000         0         0
    0.1314    0.1048    0.6580   18.0000    3.0000         0         0
    0.1294    0.1036    0.6239   18.0000    4.0000         0         0
    0.1281    0.1027    0.5970   18.0000    5.0000         0         0
    0.1264    0.1013    0.5723   18.0000    6.0000         0         0
    0.1296    0.1112    0.5839   18.0000    7.0000         0         0
    0.1424    0.1149    0.6369   18.0000    8.0000         0         0
    0.1639    0.1301    0.7146   18.0000    9.0000         0         0
    0.1965    0.1524    0.7607   18.0000   10.0000   -0.2303   -0.0577
    0.2052    0.1567    0.7637   18.0000   11.0000   -0.3100   -0.0733
    0.2237    0.1661    0.7648   18.0000   12.0000   -0.4647   -0.0971
    0.3293    0.2422    0.7348   18.0000   13.0000   -1.0956         0
    0.3884    0.2943    0.7330   18.0000   14.0000   -1.3394         0
    0.4690    0.3563    0.7543   18.0000   15.0000   -1.6144         0
    0.5908    0.4455    0.8786   18.0000   16.0000   -1.9360         0
    0.6667    0.5365    0.9454   18.0000   17.0000   -1.9360         0
    0.7036    0.5649    0.9821   18.0000   18.0000   -1.9360         0
    0.1434    0.1116    0.7153   18.0000   19.0000         0         0
    0.1522    0.1195    0.7233   18.0000   20.0000         0         0
    0.1552    0.1229    0.7297   18.0000   21.0000         0         0
    0.1611    0.1309    0.7348   18.0000   22.0000         0         0
    0.1292    0.1033    0.6468   18.0000   23.0000         0         0
    0.1261    0.1009    0.6320   18.0000   24.0000         0         0
    0.1293    0.1034    0.6252   18.0000   25.0000         0         0
    0.1253    0.1007    0.5588   18.0000   26.0000         0         0
    0.1240    0.1000    0.5422   18.0000   27.0000         0         0
    0.1206    0.0970    0.4893   18.0000   28.0000         0         0
    0.1190    0.0957    0.4560   18.0000   29.0000         0         0
    0.1191    0.0957    0.4395   18.0000   30.0000         0         0
    0.1228    0.0993    0.4170   18.0000   31.0000         0         0
    0.1248    0.1015    0.4126   18.0000   32.0000         0         0
    0.1282    0.1067    0.4113   18.0000   33.0000         0         0
    0.1938    0.1310    1.6348   19.0000    2.0000         0         0
    0.1698    0.1185    1.5192   19.0000    3.0000         0         0
    0.1584    0.1125    1.4453   19.0000    4.0000         0         0
    0.1474    0.1067    1.3711   19.0000    5.0000         0         0
    0.1088    0.0774    1.1408   19.0000    6.0000    0.3449    0.2412
    0.1044    0.0699    1.0877   19.0000    7.0000    0.4024    0.2291
    0.1018    0.0695    1.0246   19.0000    8.0000    0.3624    0.1882
    0.1034    0.0704    0.9464   19.0000    9.0000    0.2822    0.1027
    0.1077    0.0733    0.8925   19.0000   10.0000    0.1847    0.0382
    0.1092    0.0742    0.8886   19.0000   11.0000    0.1593    0.0307
    0.1128    0.0764    0.8865   19.0000   12.0000    0.1071    0.0177
    0.1244    0.0846    0.8596   19.0000   13.0000         0         0
    0.1268    0.0877    0.8400   19.0000   14.0000         0         0
    0.1306    0.0910    0.8244   19.0000   15.0000         0         0
    0.1360    0.0949    0.8112   19.0000   16.0000         0         0
    0.1469    0.1089    0.8033   19.0000   17.0000         0         0
    0.1534    0.1139    0.8121   19.0000   18.0000         0         0
    0.1984    0.1354    1.6323   19.0000   19.0000         0         0
    0.2072    0.1433    1.6519   19.0000   20.0000         0         0
    0.2101    0.1467    1.6583   19.0000   21.0000         0         0
    0.2160    0.1546    1.6635   19.0000   22.0000         0         0
    0.1675    0.1169    1.5079   19.0000   23.0000         0         0
    0.1644    0.1145    1.4927   19.0000   24.0000         0         0
    0.1677    0.1171    1.4861   19.0000   25.0000         0         0
    0.1065    0.0762    1.1230   19.0000   26.0000    0.3509    0.2373
    0.1039    0.0748    1.1020   19.0000   27.0000    0.3548    0.2286
    0.0926    0.0658    1.0123   19.0000   28.0000    0.4261    0.1876
    0.0857    0.0603    0.9553   19.0000   29.0000    0.4636    0.1326
    0.0854    0.0603    0.9423   19.0000   30.0000    0.4377    0.0995
    0.0964    0.0688    0.9528   19.0000   31.0000    0.3124    0.0080
    0.1018    0.0733    0.9642   19.0000   32.0000    0.2624         0
    0.1105    0.0821    0.9876   19.0000   33.0000    0.1907         0
    0.2073    0.1431    1.6638   20.0000    2.0000         0         0
    0.1833    0.1306    1.5483   20.0000    3.0000         0         0
    0.1719    0.1246    1.4744   20.0000    4.0000         0         0
    0.1609    0.1188    1.4002   20.0000    5.0000         0         0
    0.1222    0.0895    1.1706   20.0000    6.0000    0.3453    0.2414
    0.1178    0.0820    1.1177   20.0000    7.0000    0.4028    0.2294
    0.1152    0.0816    1.0545   20.0000    8.0000    0.3627    0.1884
    0.1168    0.0825    0.9762   20.0000    9.0000    0.2826    0.1028
    0.1211    0.0854    0.9220   20.0000   10.0000    0.1851    0.0383
    0.1227    0.0863    0.9180   20.0000   11.0000    0.1597    0.0308
    0.1263    0.0885    0.9159   20.0000   12.0000    0.1075    0.0177
    0.1379    0.0967    0.8888   20.0000   13.0000         0         0
    0.1403    0.0998    0.8693   20.0000   14.0000         0         0
    0.1441    0.1031    0.8536   20.0000   15.0000         0         0
    0.1495    0.1070    0.8404   20.0000   16.0000         0         0
    0.1604    0.1210    0.8325   20.0000   17.0000         0         0
    0.1669    0.1260    0.8412   20.0000   18.0000         0         0
    0.2118    0.1475    1.6691   20.0000   19.0000         0         0
    0.2532    0.1845    1.6994   20.0000   20.0000   -0.2221   -0.1544
    0.2565    0.1882    1.7023   20.0000   21.0000   -0.3009   -0.1808
    0.2642    0.1979    1.7007   20.0000   22.0000   -0.4522   -0.1876
    0.1810    0.1291    1.5369   20.0000   23.0000         0         0
    0.1779    0.1266    1.5218   20.0000   24.0000         0         0
    0.1812    0.1292    1.5151   20.0000   25.0000         0         0
    0.1200    0.0883    1.1529   20.0000   26.0000    0.3513    0.2376
    0.1173    0.0869    1.1319   20.0000   27.0000    0.3552    0.2289
    0.1060    0.0779    1.0423   20.0000   28.0000    0.4265    0.1878
    0.0991    0.0724    0.9855   20.0000   29.0000    0.4640    0.1327
    0.0988    0.0724    0.9724   20.0000   30.0000    0.4381    0.0996
    0.1099    0.0809    0.9826   20.0000   31.0000    0.3128    0.0080
    0.1152    0.0854    0.9939   20.0000   32.0000    0.2628         0
    0.1240    0.0942    1.0171   20.0000   33.0000    0.1910         0
    0.2116    0.1482    1.6738   21.0000    2.0000         0         0
    0.1876    0.1356    1.5583   21.0000    3.0000         0         0
    0.1761    0.1296    1.4844   21.0000    4.0000         0         0
    0.1651    0.1238    1.4103   21.0000    5.0000         0         0
    0.1265    0.0945    1.1806   21.0000    6.0000    0.3454    0.2415
    0.1221    0.0870    1.1277   21.0000    7.0000    0.4029    0.2294
    0.1195    0.0866    1.0644   21.0000    8.0000    0.3629    0.1885
    0.1211    0.0875    0.9861   21.0000    9.0000    0.2827    0.1029
    0.1254    0.0904    0.9320   21.0000   10.0000    0.1852    0.0383
    0.1269    0.0913    0.9280   21.0000   11.0000    0.1598    0.0308
    0.1305    0.0935    0.9258   21.0000   12.0000    0.1076    0.0178
    0.1421    0.1017    0.8988   21.0000   13.0000         0         0
    0.1446    0.1048    0.8793   21.0000   14.0000         0         0
    0.1483    0.1081    0.8637   21.0000   15.0000         0         0
    0.1537    0.1120    0.8504   21.0000   16.0000         0         0
    0.1647    0.1260    0.8425   21.0000   17.0000         0         0
    0.1712    0.1310    0.8512   21.0000   18.0000         0         0
    0.2161    0.1524    1.6791   21.0000   19.0000         0         0
    0.2573    0.1893    1.7094   21.0000   20.0000   -0.2192   -0.1524
    0.2693    0.2029    1.7077   21.0000   21.0000   -0.4530   -0.2731
    0.2780    0.2138    1.7053   21.0000   22.0000   -0.6037   -0.2517
    0.1853    0.1341    1.5469   21.0000   23.0000         0         0
    0.1821    0.1316    1.5318   21.0000   24.0000         0         0
    0.1854    0.1342    1.5251   21.0000   25.0000         0         0
    0.1242    0.0933    1.1629   21.0000   26.0000    0.3514    0.2377
    0.1216    0.0919    1.1418   21.0000   27.0000    0.3553    0.2289
    0.1103    0.0829    1.0523   21.0000   28.0000    0.4266    0.1878
    0.1034    0.0774    0.9954   21.0000   29.0000    0.4641    0.1328
    0.1031    0.0774    0.9824   21.0000   30.0000    0.4382    0.0996
    0.1141    0.0859    0.9926   21.0000   31.0000    0.3129    0.0080
    0.1194    0.0904    1.0039   21.0000   32.0000    0.2630         0
    0.1282    0.0992    1.0271   21.0000   33.0000    0.1912         0
    0.2200    0.1594    1.6824   22.0000    2.0000         0         0
    0.1960    0.1469    1.5669   22.0000    3.0000         0         0
    0.1846    0.1409    1.4930   22.0000    4.0000         0         0
    0.1736    0.1351    1.4188   22.0000    5.0000         0         0
    0.1349    0.1058    1.1891   22.0000    6.0000    0.3457    0.2417
    0.1305    0.0983    1.1362   22.0000    7.0000    0.4032    0.2296
    0.1279    0.0978    1.0729   22.0000    8.0000    0.3631    0.1886
    0.1295    0.0988    0.9946   22.0000    9.0000    0.2830    0.1030
    0.1338    0.1016    0.9404   22.0000   10.0000    0.1855    0.0384
    0.1353    0.1025    0.9364   22.0000   11.0000    0.1601    0.0308
    0.1389    0.1047    0.9343   22.0000   12.0000    0.1079    0.0178
    0.1506    0.1130    0.9074   22.0000   13.0000         0         0
    0.1530    0.1160    0.8879   22.0000   14.0000         0         0
    0.1568    0.1193    0.8722   22.0000   15.0000         0         0
    0.1622    0.1233    0.8590   22.0000   16.0000         0         0
    0.1731    0.1373    0.8510   22.0000   17.0000         0         0
    0.1796    0.1423    0.8597   22.0000   18.0000         0         0
    0.2245    0.1636    1.6876   22.0000   19.0000         0         0
    0.2654    0.2002    1.7180   22.0000   20.0000   -0.2130   -0.1480
    0.2774    0.2138    1.7164   22.0000   21.0000   -0.4452   -0.2683
    0.3036    0.2461    1.7044   22.0000   22.0000   -0.8660   -0.3644
    0.1937    0.1453    1.5555   22.0000   23.0000         0         0
    0.1906    0.1429    1.5404   22.0000   24.0000         0         0
    0.1939    0.1454    1.5337   22.0000   25.0000         0         0
    0.1326    0.1045    1.1714   22.0000   26.0000    0.3517    0.2378
    0.1300    0.1031    1.1503   22.0000   27.0000    0.3556    0.2291
    0.1187    0.0941    1.0608   22.0000   28.0000    0.4269    0.1880
    0.1118    0.0886    1.0039   22.0000   29.0000    0.4644    0.1329
    0.1115    0.0886    0.9908   22.0000   30.0000    0.4385    0.0996
    0.1225    0.0971    1.0011   22.0000   31.0000    0.3132    0.0080
    0.1278    0.1016    1.0123   22.0000   32.0000    0.2632         0
    0.1366    0.1104    1.0356   22.0000   33.0000    0.1914         0
    0.1575    0.1112    1.4722   23.0000    2.0000         0         0
    0.1458    0.1050    1.3584   23.0000    3.0000         0         0
    0.1347    0.0991    1.2849   23.0000    4.0000         0         0
    0.1239    0.0934    1.2112   23.0000    5.0000         0         0
    0.0942    0.0697    1.0206   23.0000    6.0000    0.1673    0.1172
    0.0898    0.0625    0.9765   23.0000    7.0000    0.2245    0.1281
    0.0876    0.0623    0.9167   23.0000    8.0000    0.1847    0.0961
    0.0899    0.0638    0.8475   23.0000    9.0000    0.1049    0.0382
    0.0953    0.0674    0.8018   23.0000   10.0000    0.0080    0.0016
    0.0960    0.0679    0.7920   23.0000   11.0000         0         0
    0.0968    0.0681    0.7709   23.0000   12.0000         0         0
    0.1015    0.0718    0.7027   23.0000   13.0000         0         0
    0.1039    0.0748    0.6833   23.0000   14.0000         0         0
    0.1076    0.0780    0.6677   23.0000   15.0000         0         0
    0.1129    0.0819    0.6545   23.0000   16.0000         0         0
    0.1235    0.0957    0.6649   23.0000   17.0000         0         0
    0.1299    0.1006    0.6744   23.0000   18.0000         0         0
    0.1582    0.1119    1.4670   23.0000   19.0000         0         0
    0.1670    0.1198    1.4750   23.0000   20.0000         0         0
    0.1699    0.1232    1.4814   23.0000   21.0000         0         0
    0.1759    0.1312    1.4867   23.0000   22.0000         0         0
    0.1544    0.1108    1.3487   23.0000   23.0000         0         0
    0.1514    0.1085    1.3338   23.0000   24.0000         0         0
    0.1546    0.1109    1.3349   23.0000   25.0000         0         0
    0.0923    0.0687    1.0040   23.0000   26.0000    0.1733    0.1174
    0.0902    0.0675    0.9844   23.0000   27.0000    0.1772    0.1143
    0.0804    0.0598    0.9024   23.0000   28.0000    0.2480    0.1093
    0.0744    0.0551    0.8501   23.0000   29.0000    0.2853    0.0814
    0.0748    0.0555    0.8387   23.0000   30.0000    0.2595    0.0586
    0.0869    0.0648    0.8529   23.0000   31.0000    0.1349    0.0030
    0.0927    0.0697    0.8653   23.0000   32.0000    0.0851         0
    0.1023    0.0792    0.8898   23.0000   33.0000    0.0136         0
    0.1546    0.1089    1.4508   24.0000    2.0000         0         0
    0.1430    0.1028    1.3370   24.0000    3.0000         0         0
    0.1319    0.0969    1.2635   24.0000    4.0000         0         0
    0.1211    0.0912    1.1898   24.0000    5.0000         0         0
    0.0914    0.0675    0.9997   24.0000    6.0000    0.1669    0.1169
    0.0871    0.0604    0.9559   24.0000    7.0000    0.2241    0.1278
    0.0849    0.0601    0.8960   24.0000    8.0000    0.1842    0.0958
    0.0871    0.0616    0.8265   24.0000    9.0000    0.1045    0.0380
    0.0925    0.0653    0.7807   24.0000   10.0000    0.0075    0.0015
    0.0932    0.0657    0.7707   24.0000   11.0000         0         0
    0.0940    0.0659    0.7496   24.0000   12.0000         0         0
    0.0987    0.0696    0.6814   24.0000   13.0000         0         0
    0.1011    0.0726    0.6620   24.0000   14.0000         0         0
    0.1048    0.0758    0.6464   24.0000   15.0000         0         0
    0.1101    0.0797    0.6332   24.0000   16.0000         0         0
    0.1207    0.0935    0.6436   24.0000   17.0000         0         0
    0.1271    0.0984    0.6531   24.0000   18.0000         0         0
    0.1554    0.1096    1.4455   24.0000   19.0000         0         0
    0.1642    0.1176    1.4536   24.0000   20.0000         0         0
    0.1671    0.1210    1.4600   24.0000   21.0000         0         0
    0.1731    0.1289    1.4652   24.0000   22.0000         0         0
    0.1517    0.1086    1.3338   24.0000   23.0000         0         0
    0.1696    0.1228    1.3500   24.0000   24.0000         0         0
    0.1727    0.1251    1.3575   24.0000   25.0000         0         0
    0.0895    0.0665    0.9832   24.0000   26.0000    0.1728    0.1170
    0.0874    0.0654    0.9636   24.0000   27.0000    0.1767    0.1140
    0.0776    0.0576    0.8820   24.0000   28.0000    0.2475    0.1091
    0.0716    0.0529    0.8299   24.0000   29.0000    0.2848    0.0813
    0.0721    0.0534    0.8184   24.0000   30.0000    0.2591    0.0585
    0.0841    0.0626    0.8320   24.0000   31.0000    0.1344    0.0030
    0.0899    0.0675    0.8442   24.0000   32.0000    0.0847         0
    0.0995    0.0771    0.8686   24.0000   33.0000    0.0132         0
    0.1600    0.1131    1.4466   25.0000    2.0000         0         0
    0.1483    0.1069    1.3408   25.0000    3.0000         0         0
    0.1372    0.1010    1.2674   25.0000    4.0000         0         0
    0.1264    0.0954    1.1938   25.0000    5.0000         0         0
    0.0967    0.0716    1.0042   25.0000    6.0000    0.1678    0.1175
    0.0923    0.0645    0.9606   25.0000    7.0000    0.2250    0.1284
    0.0901    0.0642    0.9005   25.0000    8.0000    0.1851    0.0963
    0.0924    0.0657    0.8308   25.0000    9.0000    0.1054    0.0383
    0.0978    0.0694    0.7846   25.0000   10.0000    0.0084    0.0017
    0.0985    0.0698    0.7750   25.0000   11.0000         0         0
    0.0993    0.0700    0.7539   25.0000   12.0000         0         0
    0.1040    0.0737    0.6856   25.0000   13.0000         0         0
    0.1064    0.0767    0.6661   25.0000   14.0000         0         0
    0.1101    0.0800    0.6505   25.0000   15.0000         0         0
    0.1154    0.0838    0.6373   25.0000   16.0000         0         0
    0.1260    0.0976    0.6475   25.0000   17.0000         0         0
    0.1324    0.1025    0.6569   25.0000   18.0000         0         0
    0.1607    0.1138    1.4414   25.0000   19.0000         0         0
    0.1696    0.1218    1.4494   25.0000   20.0000         0         0
    0.1725    0.1252    1.4558   25.0000   21.0000         0         0
    0.1785    0.1331    1.4610   25.0000   22.0000         0         0
    0.1569    0.1127    1.3445   25.0000   23.0000         0         0
    0.1747    0.1267    1.3608   25.0000   24.0000         0         0
    0.1990    0.1452    1.3738   25.0000   25.0000   -0.1117   -0.0673
    0.0948    0.0706    0.9877   25.0000   26.0000    0.1737    0.1176
    0.0927    0.0695    0.9682   25.0000   27.0000    0.1776    0.1146
    0.0829    0.0617    0.8868   25.0000   28.0000    0.2484    0.1095
    0.0769    0.0570    0.8350   25.0000   29.0000    0.2857    0.0816
    0.0773    0.0574    0.8233   25.0000   30.0000    0.2600    0.0587
    0.0893    0.0667    0.8364   25.0000   31.0000    0.1353    0.0030
    0.0952    0.0716    0.8485   25.0000   32.0000    0.0856         0
    0.1048    0.0811    0.8725   25.0000   33.0000    0.0140         0
    0.0956    0.0689    1.0458   26.0000    2.0000         0         0
    0.0851    0.0634    0.9340   26.0000    3.0000         0         0
    0.0836    0.0625    0.8637   26.0000    4.0000         0         0
    0.0828    0.0620    0.7938   26.0000    5.0000         0         0
    0.0822    0.0615    0.6512   26.0000    6.0000         0         0
    0.0806    0.0568    0.6311   26.0000    7.0000         0         0
    0.0775    0.0557    0.5653   26.0000    8.0000         0         0
    0.0766    0.0551    0.4804   26.0000    9.0000         0         0
    0.0769    0.0552    0.4041   26.0000   10.0000         0         0
    0.0771    0.0553    0.3915   26.0000   11.0000         0         0
    0.0778    0.0555    0.3712   26.0000   12.0000         0         0
    0.0822    0.0590    0.3318   26.0000   13.0000         0         0
    0.0844    0.0618    0.3506   26.0000   14.0000         0         0
    0.0878    0.0648    0.3695   26.0000   15.0000         0         0
    0.0927    0.0684    0.3873   26.0000   16.0000         0         0
    0.1083    0.0856    0.4045   26.0000   17.0000   -0.0841         0
    0.1273    0.1000    0.4186   26.0000   18.0000   -0.2308         0
    0.0963    0.0696    1.0405   26.0000   19.0000         0         0
    0.1052    0.0775    1.0488   26.0000   20.0000         0         0
    0.1081    0.0810    1.0552   26.0000   21.0000         0         0
    0.1141    0.0889    1.0605   26.0000   22.0000         0         0
    0.0828    0.0618    0.9227   26.0000   23.0000         0         0
    0.0798    0.0594    0.9077   26.0000   24.0000         0         0
    0.0830    0.0620    0.9010   26.0000   25.0000         0         0
    0.0860    0.0634    0.6395   26.0000   26.0000         0         0
    0.0847    0.0627    0.6226   26.0000   27.0000         0         0
    0.0813    0.0598    0.5686   26.0000   28.0000         0         0
    0.0798    0.0584    0.5349   26.0000   29.0000         0         0
    0.0799    0.0585    0.5185   26.0000   30.0000         0         0
    0.0835    0.0620    0.4973   26.0000   31.0000         0         0
    0.0854    0.0642    0.4938   26.0000   32.0000         0         0
    0.0888    0.0693    0.4941   26.0000   33.0000         0         0
    0.0932    0.0676    1.0224   27.0000    2.0000         0         0
    0.0827    0.0621    0.9108   27.0000    3.0000         0         0
    0.0813    0.0613    0.8405   27.0000    4.0000         0         0
    0.0805    0.0608    0.7708   27.0000    5.0000         0         0
    0.0800    0.0603    0.6284   27.0000    6.0000         0         0
    0.0784    0.0556    0.6083   27.0000    7.0000         0         0
    0.0753    0.0546    0.5425   27.0000    8.0000         0         0
    0.0744    0.0539    0.4575   27.0000    9.0000         0         0
    0.0747    0.0541    0.3813   27.0000   10.0000         0         0
    0.0749    0.0541    0.3687   27.0000   11.0000         0         0
    0.0756    0.0544    0.3484   27.0000   12.0000         0         0
    0.0800    0.0578    0.3093   27.0000   13.0000         0         0
    0.0822    0.0606    0.3283   27.0000   14.0000         0         0
    0.0856    0.0637    0.3472   27.0000   15.0000         0         0
    0.0906    0.0672    0.3649   27.0000   16.0000         0         0
    0.1062    0.0845    0.3821   27.0000   17.0000   -0.0853         0
    0.1252    0.0989    0.3961   27.0000   18.0000   -0.2320         0
    0.0940    0.0683    1.0172   27.0000   19.0000         0         0
    0.1028    0.0763    1.0255   27.0000   20.0000         0         0
    0.1057    0.0797    1.0319   27.0000   21.0000         0         0
    0.1117    0.0876    1.0372   27.0000   22.0000         0         0
    0.0805    0.0606    0.8995   27.0000   23.0000         0         0
    0.0775    0.0582    0.8845   27.0000   24.0000         0         0
    0.0807    0.0607    0.8778   27.0000   25.0000         0         0
    0.0838    0.0622    0.6167   27.0000   26.0000         0         0
    0.0893    0.0650    0.6029   27.0000   27.0000         0         0
    0.0860    0.0621    0.5490   27.0000   28.0000         0         0
    0.0845    0.0608    0.5154   27.0000   29.0000         0         0
    0.0846    0.0608    0.4991   27.0000   30.0000         0         0
    0.0881    0.0643    0.4780   27.0000   31.0000         0         0
    0.0900    0.0665    0.4762   27.0000   32.0000         0         0
    0.0934    0.0716    0.4807   27.0000   33.0000         0         0
    0.0862    0.0616    0.9404   28.0000    2.0000         0         0
    0.0758    0.0561    0.8292   28.0000    3.0000         0         0
    0.0744    0.0553    0.7592   28.0000    4.0000         0         0
    0.0738    0.0549    0.6897   28.0000    5.0000         0         0
    0.0734    0.0546    0.5480   28.0000    6.0000         0         0
    0.0719    0.0499    0.5279   28.0000    7.0000         0         0
    0.0688    0.0489    0.4621   28.0000    8.0000         0         0
    0.0679    0.0482    0.3772   28.0000    9.0000         0         0
    0.0681    0.0484    0.3009   28.0000   10.0000         0         0
    0.0684    0.0484    0.2884   28.0000   11.0000         0         0
    0.0691    0.0487    0.2684   28.0000   12.0000         0         0
    0.0735    0.0521    0.2303   28.0000   13.0000         0         0
    0.0757    0.0549    0.2496   28.0000   14.0000         0         0
    0.0791    0.0580    0.2684   28.0000   15.0000         0         0
    0.0840    0.0615    0.2861   28.0000   16.0000         0         0
    0.0999    0.0790    0.3031   28.0000   17.0000   -0.0896         0
    0.1190    0.0934    0.3172   28.0000   18.0000   -0.2363         0
    0.0869    0.0623    0.9352   28.0000   19.0000         0         0
    0.0957    0.0702    0.9435   28.0000   20.0000         0         0
    0.0987    0.0736    0.9499   28.0000   21.0000         0         0
    0.1047    0.0816    0.9552   28.0000   22.0000         0         0
    0.0736    0.0546    0.8179   28.0000   23.0000         0         0
    0.0705    0.0522    0.8029   28.0000   24.0000         0         0
    0.0738    0.0547    0.7962   28.0000   25.0000         0         0
    0.0773    0.0566    0.5365   28.0000   26.0000         0         0
    0.0829    0.0594    0.5228   28.0000   27.0000         0         0
    0.1047    0.0785    0.4987   28.0000   28.0000         0         0
    0.1032    0.0773    0.4847   28.0000   29.0000         0         0
    0.1034    0.0773    0.4929   28.0000   30.0000         0         0
    0.1068    0.0807    0.5165   28.0000   31.0000         0         0
    0.1086    0.0828    0.5215   28.0000   32.0000         0         0
    0.1118    0.0876    0.5244   28.0000   33.0000         0         0
    0.0823    0.0583    0.8893   29.0000    2.0000         0         0
    0.0720    0.0529    0.7783   29.0000    3.0000         0         0
    0.0707    0.0521    0.7085   29.0000    4.0000         0         0
    0.0701    0.0518    0.6392   29.0000    5.0000         0         0
    0.0699    0.0515    0.4979   29.0000    6.0000         0         0
    0.0683    0.0469    0.4778   29.0000    7.0000         0         0
    0.0652    0.0458    0.4120   29.0000    8.0000         0         0
    0.0643    0.0451    0.3270   29.0000    9.0000         0         0
    0.0645    0.0453    0.2508   29.0000   10.0000         0         0
    0.0648    0.0454    0.2382   29.0000   11.0000         0         0
    0.0655    0.0456    0.2184   29.0000   12.0000         0         0
    0.0699    0.0490    0.1809   29.0000   13.0000         0         0
    0.0721    0.0519    0.2004   29.0000   14.0000         0         0
    0.0755    0.0549    0.2192   29.0000   15.0000         0         0
    0.0804    0.0585    0.2369   29.0000   16.0000         0         0
    0.0965    0.0760    0.2537   29.0000   17.0000   -0.0919         0
    0.1156    0.0905    0.2678   29.0000   18.0000   -0.2387         0
    0.0831    0.0590    0.8840   29.0000   19.0000         0         0
    0.0919    0.0669    0.8924   29.0000   20.0000         0         0
    0.0948    0.0703    0.8988   29.0000   21.0000         0         0
    0.1008    0.0783    0.9040   29.0000   22.0000         0         0
    0.0698    0.0514    0.7670   29.0000   23.0000         0         0
    0.0668    0.0490    0.7520   29.0000   24.0000         0         0
    0.0700    0.0515    0.7453   29.0000   25.0000         0         0
    0.0737    0.0535    0.4864   29.0000   26.0000         0         0
    0.0794    0.0564    0.4763   29.0000   27.0000         0         0
    0.1013    0.0756    0.4916   29.0000   28.0000         0         0
    0.1182    0.0903    0.5258   29.0000   29.0000         0         0
    0.1184    0.0903    0.5419   29.0000   30.0000         0         0
    0.1216    0.0936    0.5652   29.0000   31.0000         0         0
    0.1256    0.0971    0.5707   29.0000   32.0000   -0.0370   -0.0002
    0.1333    0.1051    0.5743   29.0000   33.0000   -0.1065         0
    0.0815    0.0579    0.8666   30.0000    2.0000         0         0
    0.0712    0.0525    0.7558   30.0000    3.0000         0         0
    0.0699    0.0517    0.6860   30.0000    4.0000         0         0
    0.0693    0.0514    0.6168   30.0000    5.0000         0         0
    0.0691    0.0512    0.4760   30.0000    6.0000         0         0
    0.0675    0.0465    0.4560   30.0000    7.0000         0         0
    0.0645    0.0454    0.3903   30.0000    8.0000         0         0
    0.0636    0.0447    0.3054   30.0000    9.0000         0         0
    0.0638    0.0449    0.2292   30.0000   10.0000         0         0
    0.0640    0.0450    0.2166   30.0000   11.0000         0         0
    0.0648    0.0452    0.1967   30.0000   12.0000         0         0
    0.0691    0.0486    0.1592   30.0000   13.0000         0         0
    0.0713    0.0515    0.1787   30.0000   14.0000         0         0
    0.0747    0.0545    0.1972   30.0000   15.0000         0         0
    0.0797    0.0581    0.2148   30.0000   16.0000         0         0
    0.0958    0.0757    0.2316   30.0000   17.0000   -0.0924         0
    0.1149    0.0901    0.2457   30.0000   18.0000   -0.2391         0
    0.0823    0.0586    0.8614   30.0000   19.0000         0         0
    0.0911    0.0665    0.8698   30.0000   20.0000         0         0
    0.0940    0.0699    0.8761   30.0000   21.0000         0         0
    0.1000    0.0779    0.8814   30.0000   22.0000         0         0
    0.0690    0.0510    0.7444   30.0000   23.0000         0         0
    0.0660    0.0486    0.7294   30.0000   24.0000         0         0
    0.0692    0.0511    0.7228   30.0000   25.0000         0         0
    0.0730    0.0531    0.4677   30.0000   26.0000         0         0
    0.0786    0.0560    0.4621   30.0000   27.0000         0         0
    0.1006    0.0752    0.5131   30.0000   28.0000         0         0
    0.1175    0.0899    0.5472   30.0000   29.0000         0         0
    0.1302    0.0965    0.5652   30.0000   30.0000   -0.0274   -0.0076
    0.1410    0.1049    0.5903   30.0000   31.0000   -0.1471   -0.0115
    0.1463    0.1095    0.5954   30.0000   32.0000   -0.1950   -0.0007
    0.1550    0.1183    0.5986   30.0000   33.0000   -0.2643         0
    0.0877    0.0638    0.8349   31.0000    2.0000         0         0
    0.0773    0.0584    0.7241   31.0000    3.0000         0         0
    0.0759    0.0576    0.6544   31.0000    4.0000         0         0
    0.0753    0.0571    0.5890   31.0000    5.0000         0         0
    0.0749    0.0568    0.4872   31.0000    6.0000         0         0
    0.0733    0.0521    0.4675   31.0000    7.0000         0         0
    0.0702    0.0510    0.4020   31.0000    8.0000         0         0
    0.0693    0.0504    0.3172   31.0000    9.0000         0         0
    0.0695    0.0505    0.2409   31.0000   10.0000         0         0
    0.0698    0.0506    0.2283   31.0000   11.0000         0         0
    0.0705    0.0508    0.2081   31.0000   12.0000         0         0
    0.0749    0.0543    0.1692   31.0000   13.0000         0         0
    0.0771    0.0571    0.1881   31.0000   14.0000         0         0
    0.0805    0.0602    0.2066   31.0000   15.0000         0         0
    0.0854    0.0637    0.2237   31.0000   16.0000         0         0
    0.1013    0.0811    0.2341   31.0000   17.0000   -0.0884         0
    0.1204    0.0955    0.2385   31.0000   18.0000   -0.2351         0
    0.0884    0.0645    0.8296   31.0000   19.0000         0         0
    0.0973    0.0725    0.8380   31.0000   20.0000         0         0
    0.1002    0.0759    0.8444   31.0000   21.0000         0         0
    0.1062    0.0838    0.8496   31.0000   22.0000         0         0
    0.0751    0.0568    0.7128   31.0000   23.0000         0         0
    0.0720    0.0545    0.6977   31.0000   24.0000         0         0
    0.0752    0.0570    0.6911   31.0000   25.0000         0         0
    0.0787    0.0587    0.4880   31.0000   26.0000         0         0
    0.0843    0.0616    0.4947   31.0000   27.0000         0         0
    0.1061    0.0807    0.5485   31.0000   28.0000         0         0
    0.1229    0.0953    0.5824   31.0000   29.0000         0         0
    0.1351    0.1014    0.6000   31.0000   30.0000   -0.0186   -0.0051
    0.1922    0.1477    0.6393   31.0000   31.0000   -0.4694   -0.0367
    0.1992    0.1537    0.6451   31.0000   32.0000   -0.5170   -0.0010
    0.2103    0.1648    0.6504   31.0000   33.0000   -0.5859         0
    0.0907    0.0672    0.8292   32.0000    2.0000         0         0
    0.0803    0.0617    0.7184   32.0000    3.0000         0         0
    0.0788    0.0609    0.6526   32.0000    4.0000         0         0
    0.0781    0.0604    0.5978   32.0000    5.0000         0         0
    0.0777    0.0600    0.4960   32.0000    6.0000         0         0
    0.0761    0.0553    0.4763   32.0000    7.0000         0         0
    0.0730    0.0543    0.4108   32.0000    8.0000         0         0
    0.0721    0.0536    0.3259   32.0000    9.0000         0         0
    0.0723    0.0538    0.2497   32.0000   10.0000         0         0
    0.0726    0.0538    0.2370   32.0000   11.0000         0         0
    0.0733    0.0541    0.2168   32.0000   12.0000         0         0
    0.0777    0.0575    0.1773   32.0000   13.0000         0         0
    0.0799    0.0603    0.1961   32.0000   14.0000         0         0
    0.0833    0.0634    0.2145   32.0000   15.0000         0         0
    0.0882    0.0669    0.2317   32.0000   16.0000         0         0
    0.1040    0.0843    0.2423   32.0000   17.0000   -0.0864         0
    0.1230    0.0987    0.2466   32.0000   18.0000   -0.2331         0
    0.0914    0.0679    0.8240   32.0000   19.0000         0         0
    0.1002    0.0759    0.8323   32.0000   20.0000         0         0
    0.1032    0.0793    0.8387   32.0000   21.0000         0         0
    0.1092    0.0872    0.8439   32.0000   22.0000         0         0
    0.0780    0.0602    0.7071   32.0000   23.0000         0         0
    0.0750    0.0578    0.6921   32.0000   24.0000         0         0
    0.0782    0.0603    0.6855   32.0000   25.0000         0         0
    0.0815    0.0619    0.4964   32.0000   26.0000         0         0
    0.0871    0.0647    0.5028   32.0000   27.0000         0         0
    0.1088    0.0838    0.5564   32.0000   28.0000         0         0
    0.1256    0.0983    0.5902   32.0000   29.0000         0         0
    0.1374    0.1043    0.6076   32.0000   30.0000   -0.0140   -0.0038
    0.1944    0.1505    0.6471   32.0000   31.0000   -0.4639   -0.0360
    0.2186    0.1713    0.6612   32.0000   32.0000   -0.6191   -0.0009
    0.2306    0.1833    0.6700   32.0000   33.0000   -0.6878         0
    0.0956    0.0746    0.8288   33.0000    2.0000         0         0
    0.0851    0.0690    0.7223   33.0000    3.0000         0         0
    0.0836    0.0681    0.6599   33.0000    4.0000         0         0
    0.0829    0.0676    0.6043   33.0000    5.0000         0         0
    0.0823    0.0670    0.5025   33.0000    6.0000         0         0
    0.0807    0.0623    0.4827   33.0000    7.0000         0         0
    0.0776    0.0613    0.4172   33.0000    8.0000         0         0
    0.0767    0.0606    0.3323   33.0000    9.0000         0         0
    0.0769    0.0608    0.2561   33.0000   10.0000         0         0
    0.0772    0.0608    0.2435   33.0000   11.0000         0         0
    0.0779    0.0611    0.2229   33.0000   12.0000         0         0
    0.0823    0.0645    0.1827   33.0000   13.0000         0         0
    0.0845    0.0673    0.2011   33.0000   14.0000         0         0
    0.0879    0.0704    0.2195   33.0000   15.0000         0         0
    0.0928    0.0740    0.2367   33.0000   16.0000         0         0
    0.1083    0.0911    0.2476   33.0000   17.0000   -0.0826         0
    0.1273    0.1055    0.2518   33.0000   18.0000   -0.2293         0
    0.0964    0.0753    0.8235   33.0000   19.0000         0         0
    0.1052    0.0832    0.8318   33.0000   20.0000         0         0
    0.1081    0.0866    0.8382   33.0000   21.0000         0         0
    0.1141    0.0946    0.8435   33.0000   22.0000         0         0
    0.0828    0.0675    0.7110   33.0000   23.0000         0         0
    0.0798    0.0651    0.6960   33.0000   24.0000         0         0
    0.0830    0.0676    0.6894   33.0000   25.0000         0         0
    0.0861    0.0689    0.5023   33.0000   26.0000         0         0
    0.0916    0.0717    0.5082   33.0000   27.0000         0         0
    0.1132    0.0906    0.5613   33.0000   28.0000         0         0
    0.1299    0.1050    0.5951   33.0000   29.0000         0         0
    0.1413    0.1106    0.6121   33.0000   30.0000   -0.0053   -0.0015
    0.1980    0.1567    0.6517   33.0000   31.0000   -0.4535   -0.0349
    0.2221    0.1775    0.6660   33.0000   32.0000   -0.6081   -0.0003
    0.2564    0.2107    0.6920   33.0000   33.0000   -0.8027         0